-0.016327,0.01605,0.0039892,-0.010273,-0.0032662,-0.032215,-0.0085011,-0.024458,-0.037723,-0.036939,-0.022586,-0.017446,-0.016338,-0.0064639,-0.010907,-0.012816,-0.018677,0.018373,0.00457,-0.011752,-0.0037361,-0.036861,-0.0097254,-0.027986,-0.043159,-0.042265,-0.02584,-0.019962,-0.018691,-0.0073921,-0.012478,-0.014659
-0.01643,0.016163,0.0040205,-0.010338,-0.0032866,-0.032427,-0.0085554,-0.024619,-0.037967,-0.03718,-0.022731,-0.017561,-0.016443,-0.0065027,-0.010977,-0.012895,-0.016074,0.015805,0.0039293,-0.010114,-0.0032155,-0.031718,-0.0083696,-0.024082,-0.03714,-0.036369,-0.022237,-0.017177,-0.016085,-0.0063631,-0.010738,-0.012617
-0.016441,0.016181,0.0040275,-0.010345,-0.0032885,-0.032453,-0.0085613,-0.02464,-0.037995,-0.03721,-0.022748,-0.017576,-0.016455,-0.0065053,-0.010986,-0.012903,-0.018677,0.018373,0.00457,-0.011752,-0.0037361,-0.036861,-0.0097254,-0.027986,-0.043159,-0.042265,-0.02584,-0.019962,-0.018691,-0.0073921,-0.012478,-0.014659
-0.016421,0.016155,0.0040191,-0.010332,-0.0032846,-0.032408,-0.0085503,-0.024606,-0.037945,-0.037159,-0.022718,-0.017551,-0.016433,-0.0064983,-0.010971,-0.012887,-0.016074,0.015805,0.0039293,-0.010114,-0.0032155,-0.031718,-0.0083696,-0.024082,-0.03714,-0.036369,-0.022237,-0.017177,-0.016085,-0.0063631,-0.010738,-0.012617
-0.016343,0.016073,0.003997,-0.010283,-0.0032692,-0.032252,-0.0085099,-0.024487,-0.037764,-0.03698,-0.02261,-0.017466,-0.016355,-0.0064689,-0.010918,-0.012827,-0.018677,0.018373,0.00457,-0.011752,-0.0037361,-0.036861,-0.0097254,-0.027986,-0.043159,-0.042265,-0.02584,-0.019962,-0.018691,-0.0073921,-0.012478,-0.014659
-0.016481,0.016225,0.0040405,-0.010369,-0.0032962,-0.032535,-0.0085819,-0.024702,-0.038088,-0.037302,-0.022803,-0.01762,-0.016494,-0.0065195,-0.011013,-0.012933,-0.018677,0.018373,0.00457,-0.011752,-0.0037361,-0.036861,-0.0097254,-0.027986,-0.043159,-0.042265,-0.02584,-0.019962,-0.018691,-0.0073921,-0.012478,-0.014659
-0.016448,0.016187,0.004029,-0.010349,-0.0032899,-0.032466,-0.0085647,-0.02465,-0.03801,-0.037224,-0.022757,-0.017583,-0.016461,-0.0065079,-0.01099,-0.012908,-0.018677,0.018373,0.00457,-0.011752,-0.0037361,-0.036861,-0.0097254,-0.027986,-0.043159,-0.042265,-0.02584,-0.019962,-0.018691,-0.0073921,-0.012478,-0.014659
-0.016419,0.016155,0.0040201,-0.010331,-0.0032842,-0.032407,-0.0085495,-0.024605,-0.037942,-0.037157,-0.022716,-0.01755,-0.016432,-0.0064972,-0.01097,-0.012886,-0.018677,0.018373,0.00457,-0.011752,-0.0037361,-0.036861,-0.0097254,-0.027986,-0.043159,-0.042265,-0.02584,-0.019962,-0.018691,-0.0073921,-0.012478,-0.014659
-0.016276,0.015999,0.0039759,-0.010241,-0.0032562,-0.032114,-0.0084749,-0.024382,-0.037606,-0.036824,-0.022516,-0.017391,-0.016287,-0.0064444,-0.010873,-0.012776,-0.018677,0.018373,0.00457,-0.011752,-0.0037361,-0.036861,-0.0097254,-0.027986,-0.043159,-0.042265,-0.02584,-0.019962,-0.018691,-0.0073921,-0.012478,-0.014659
-0.01628,0.015999,0.0039747,-0.010244,-0.003257,-0.032119,-0.0084767,-0.024385,-0.037613,-0.03683,-0.02252,-0.017394,-0.01629,-0.0064466,-0.010875,-0.01278,-0.018677,0.018373,0.00457,-0.011752,-0.0037361,-0.036861,-0.0097254,-0.027986,-0.043159,-0.042265,-0.02584,-0.019962,-0.018691,-0.0073921,-0.012478,-0.014659
-0.016379,0.01611,0.0040069,-0.010306,-0.0032763,-0.032324,-0.0085285,-0.024541,-0.037847,-0.037063,-0.022659,-0.017505,-0.016391,-0.0064827,-0.010943,-0.012855,-0.018677,0.018373,0.00457,-0.011752,-0.0037361,-0.036861,-0.0097254,-0.027986,-0.043159,-0.042265,-0.02584,-0.019962,-0.018691,-0.0073921,-0.012478,-0.014659
-0.016269,0.01599,0.0039729,-0.010237,-0.0032548,-0.032099,-0.0084712,-0.02437,-0.037589,-0.036807,-0.022506,-0.017383,-0.01628,-0.0064421,-0.010868,-0.012771,-0.018677,0.018373,0.00457,-0.011752,-0.0037361,-0.036861,-0.0097254,-0.027986,-0.043159,-0.042265,-0.02584,-0.019962,-0.018691,-0.0073921,-0.012478,-0.014659
-0.016357,0.016085,0.0039995,-0.010292,-0.0032721,-0.032278,-0.0085172,-0.024507,-0.037796,-0.037011,-0.022629,-0.01748,-0.016369,-0.0064749,-0.010928,-0.012839,-0.018677,0.018373,0.00457,-0.011752,-0.0037361,-0.036861,-0.0097254,-0.027986,-0.043159,-0.042265,-0.02584,-0.019962,-0.018691,-0.0073921,-0.012478,-0.014659
-0.016422,0.016158,0.0040207,-0.010333,-0.0032848,-0.032413,-0.0085511,-0.024609,-0.037949,-0.037164,-0.02272,-0.017554,-0.016435,-0.0064984,-0.010972,-0.012888,-0.018677,0.018373,0.00457,-0.011752,-0.0037361,-0.036861,-0.0097254,-0.027986,-0.043159,-0.042265,-0.02584,-0.019962,-0.018691,-0.0073921,-0.012478,-0.014659
-0.01621,0.015904,0.0039425,-0.0102,-0.0032439,-0.031963,-0.0084397,-0.024266,-0.037441,-0.036656,-0.022419,-0.017308,-0.016218,-0.0064249,-0.010824,-0.012729,-0.018677,0.018373,0.00457,-0.011752,-0.0037361,-0.036861,-0.0097254,-0.027986,-0.043159,-0.042265,-0.02584,-0.019962,-0.018691,-0.0073921,-0.012478,-0.014659
-0.016439,0.01618,0.0040277,-0.010343,-0.0032881,-0.03245,-0.0085603,-0.024638,-0.037991,-0.037206,-0.022745,-0.017574,-0.016453,-0.0065042,-0.010984,-0.012901,-0.018677,0.018373,0.00457,-0.011752,-0.0037361,-0.036861,-0.0097254,-0.027986,-0.043159,-0.042265,-0.02584,-0.019962,-0.018691,-0.0073921,-0.012478,-0.014659
-0.01644,0.016174,0.0040237,-0.010344,-0.0032885,-0.032447,-0.0085605,-0.024635,-0.03799,-0.037203,-0.022745,-0.017572,-0.016453,-0.0065061,-0.010984,-0.012903,-0.016074,0.015805,0.0039293,-0.010114,-0.0032155,-0.031718,-0.0083696,-0.024082,-0.03714,-0.036369,-0.022237,-0.017177,-0.016085,-0.0063631,-0.010738,-0.012617
-0.016513,0.016255,0.0040471,-0.01039,-0.0033028,-0.032598,-0.0085989,-0.02475,-0.038163,-0.037375,-0.022848,-0.017654,-0.016527,-0.006533,-0.011034,-0.012959,-0.016074,0.015805,0.0039293,-0.010114,-0.0032155,-0.031718,-0.0083696,-0.024082,-0.03714,-0.036369,-0.022237,-0.017177,-0.016085,-0.0063631,-0.010738,-0.012617
-0.016397,0.016126,0.00401,-0.010317,-0.0032801,-0.032358,-0.0085381,-0.024568,-0.037889,-0.037103,-0.022685,-0.017524,-0.016409,-0.0064905,-0.010955,-0.01287,-0.016074,0.015805,0.0039293,-0.010114,-0.0032155,-0.031718,-0.0083696,-0.024082,-0.03714,-0.036369,-0.022237,-0.017177,-0.016085,-0.0063631,-0.010738,-0.012617
-0.016472,0.016208,0.0040335,-0.010364,-0.0032947,-0.032512,-0.0085771,-0.024684,-0.038065,-0.037277,-0.022789,-0.017607,-0.016485,-0.0065179,-0.011006,-0.012927,-0.016074,0.015805,0.0039293,-0.010114,-0.0032155,-0.031718,-0.0083696,-0.024082,-0.03714,-0.036369,-0.022237,-0.017177,-0.016085,-0.0063631,-0.010738,-0.012617
-0.016415,0.016149,0.0040178,-0.010328,-0.0032834,-0.032397,-0.0085472,-0.024597,-0.037931,-0.037146,-0.02271,-0.017545,-0.016427,-0.0064959,-0.010967,-0.012883,-0.016074,0.015805,0.0039293,-0.010114,-0.0032155,-0.031718,-0.0083696,-0.024082,-0.03714,-0.036369,-0.022237,-0.017177,-0.016085,-0.0063631,-0.010738,-0.012617
-0.016484,0.016223,0.0040381,-0.010371,-0.003297,-0.032537,-0.0085833,-0.024704,-0.038093,-0.037306,-0.022806,-0.017621,-0.016497,-0.0065219,-0.011014,-0.012936,-0.016074,0.015805,0.0039293,-0.010114,-0.0032155,-0.031718,-0.0083696,-0.024082,-0.03714,-0.036369,-0.022237,-0.017177,-0.016085,-0.0063631,-0.010738,-0.012617
-0.016444,0.016178,0.0040252,-0.010346,-0.0032892,-0.032455,-0.0085626,-0.024641,-0.038,-0.037213,-0.02275,-0.017577,-0.016457,-0.0065075,-0.010987,-0.012906,-0.016074,0.015805,0.0039293,-0.010114,-0.0032155,-0.031718,-0.0083696,-0.024082,-0.03714,-0.036369,-0.022237,-0.017177,-0.016085,-0.0063631,-0.010738,-0.012617
-0.01642,0.016151,0.0040174,-0.010331,-0.0032845,-0.032405,-0.0085498,-0.024603,-0.037942,-0.037156,-0.022716,-0.017549,-0.016432,-0.0064986,-0.01097,-0.012887,-0.016074,0.015805,0.0039293,-0.010114,-0.0032155,-0.031718,-0.0083696,-0.024082,-0.03714,-0.036369,-0.022237,-0.017177,-0.016085,-0.0063631,-0.010738,-0.012617
-0.016471,0.016208,0.0040335,-0.010363,-0.0032945,-0.03251,-0.0085765,-0.024683,-0.038062,-0.037275,-0.022788,-0.017606,-0.016484,-0.0065173,-0.011005,-0.012926,-0.016074,0.015805,0.0039293,-0.010114,-0.0032155,-0.031718,-0.0083696,-0.024082,-0.03714,-0.036369,-0.022237,-0.017177,-0.016085,-0.0063631,-0.010738,-0.012617
-0.016508,0.016249,0.0040452,-0.010386,-0.0033018,-0.032586,-0.008596,-0.024741,-0.03815,-0.037362,-0.02284,-0.017648,-0.016521,-0.0065311,-0.01103,-0.012955,-0.016074,0.015805,0.0039293,-0.010114,-0.0032155,-0.031718,-0.0083696,-0.024082,-0.03714,-0.036369,-0.022237,-0.017177,-0.016085,-0.0063631,-0.010738,-0.012617
-0.016448,0.016185,0.0040275,-0.010349,-0.00329,-0.032465,-0.0085649,-0.024649,-0.03801,-0.037224,-0.022757,-0.017582,-0.016461,-0.0065087,-0.01099,-0.012909,-0.016074,0.015805,0.0039293,-0.010114,-0.0032155,-0.031718,-0.0083696,-0.024082,-0.03714,-0.036369,-0.022237,-0.017177,-0.016085,-0.0063631,-0.010738,-0.012617
-0.016376,0.016099,0.0040014,-0.010304,-0.003276,-0.032312,-0.0085267,-0.024532,-0.037837,-0.037051,-0.022654,-0.017498,-0.016387,-0.0064833,-0.010939,-0.012854,-0.016074,0.015805,0.0039293,-0.010114,-0.0032155,-0.031718,-0.0083696,-0.024082,-0.03714,-0.036369,-0.022237,-0.017177,-0.016085,-0.0063631,-0.010738,-0.012617
-0.016482,0.016224,0.0040393,-0.01037,-0.0032966,-0.032536,-0.0085827,-0.024703,-0.038091,-0.037304,-0.022805,-0.017621,-0.016496,-0.0065208,-0.011013,-0.012934,-0.018677,0.018373,0.00457,-0.011752,-0.0037361,-0.036861,-0.0097254,-0.027986,-0.043159,-0.042265,-0.02584,-0.019962,-0.018691,-0.0073921,-0.012478,-0.014659
-0.016519,0.016265,0.0040508,-0.010393,-0.0033038,-0.032611,-0.0086018,-0.02476,-0.038177,-0.03739,-0.022856,-0.017662,-0.016533,-0.0065342,-0.011038,-0.012962,-0.018677,0.018373,0.00457,-0.011752,-0.0037361,-0.036861,-0.0097254,-0.027986,-0.043159,-0.042265,-0.02584,-0.019962,-0.018691,-0.0073921,-0.012478,-0.014659
-0.016603,0.016358,0.0040772,-0.010446,-0.0033204,-0.032785,-0.008646,-0.024893,-0.038377,-0.037587,-0.022975,-0.017756,-0.016619,-0.0065654,-0.011096,-0.013027,-0.016074,0.015805,0.0039293,-0.010114,-0.0032155,-0.031718,-0.0083696,-0.024082,-0.03714,-0.036369,-0.022237,-0.017177,-0.016085,-0.0063631,-0.010738,-0.012617
-0.016401,0.016135,0.0040137,-0.01032,-0.0032808,-0.03237,-0.0085403,-0.024576,-0.0379,-0.037115,-0.022691,-0.01753,-0.016414,-0.0064911,-0.010958,-0.012872,-0.016074,0.015805,0.0039293,-0.010114,-0.0032155,-0.031718,-0.0083696,-0.024082,-0.03714,-0.036369,-0.022237,-0.017177,-0.016085,-0.0063631,-0.010738,-0.012617
-0.016484,0.016226,0.0040394,-0.010372,-0.0032971,-0.03254,-0.0085838,-0.024706,-0.038096,-0.037308,-0.022808,-0.017623,-0.016498,-0.0065218,-0.011015,-0.012936,-0.016074,0.015805,0.0039293,-0.010114,-0.0032155,-0.031718,-0.0083696,-0.024082,-0.03714,-0.036369,-0.022237,-0.017177,-0.016085,-0.0063631,-0.010738,-0.012617
-0.016651,0.016424,0.0041001,-0.010476,-0.0033293,-0.032893,-0.0086714,-0.024975,-0.038495,-0.037707,-0.023045,-0.017815,-0.016669,-0.0065799,-0.011131,-0.013061,-0.018677,0.018373,0.00457,-0.011752,-0.0037361,-0.036861,-0.0097254,-0.027986,-0.043159,-0.042265,-0.02584,-0.019962,-0.018691,-0.0073921,-0.012478,-0.014659
-0.016623,0.0164,0.0040953,-0.010458,-0.0033236,-0.03284,-0.0086571,-0.024935,-0.038433,-0.037646,-0.023007,-0.017787,-0.016641,-0.0065682,-0.011113,-0.013039,-0.016074,0.015805,0.0039293,-0.010114,-0.0032155,-0.031718,-0.0083696,-0.024082,-0.03714,-0.036369,-0.022237,-0.017177,-0.016085,-0.0063631,-0.010738,-0.012617
-0.016438,0.016176,0.0040256,-0.010342,-0.0032878,-0.032445,-0.0085593,-0.024634,-0.037986,-0.0372,-0.022742,-0.017571,-0.016451,-0.0065042,-0.010983,-0.0129,-0.018677,0.018373,0.00457,-0.011752,-0.0037361,-0.036861,-0.0097254,-0.027986,-0.043159,-0.042265,-0.02584,-0.019962,-0.018691,-0.0073921,-0.012478,-0.014659
-0.016446,0.016185,0.0040282,-0.010348,-0.0032896,-0.032462,-0.0085639,-0.024647,-0.038006,-0.03722,-0.022754,-0.017581,-0.016459,-0.0065074,-0.010989,-0.012907,-0.018677,0.018373,0.00457,-0.011752,-0.0037361,-0.036861,-0.0097254,-0.027986,-0.043159,-0.042265,-0.02584,-0.019962,-0.018691,-0.0073921,-0.012478,-0.014659
-0.016529,0.016277,0.0040545,-0.0104,-0.0033058,-0.032633,-0.0086072,-0.024777,-0.038202,-0.037414,-0.022871,-0.017673,-0.016543,-0.0065378,-0.011046,-0.01297,-0.018677,0.018373,0.00457,-0.011752,-0.0037361,-0.036861,-0.0097254,-0.027986,-0.043159,-0.042265,-0.02584,-0.019962,-0.018691,-0.0073921,-0.012478,-0.014659
-0.016623,0.0164,0.0040953,-0.010458,-0.0033236,-0.03284,-0.0086571,-0.024935,-0.038433,-0.037646,-0.023007,-0.017787,-0.016641,-0.0065682,-0.011113,-0.013039,-0.016074,0.015805,0.0039293,-0.010114,-0.0032155,-0.031718,-0.0083696,-0.024082,-0.03714,-0.036369,-0.022237,-0.017177,-0.016085,-0.0063631,-0.010738,-0.012617
-0.01634,0.016068,0.0039949,-0.010281,-0.0032687,-0.032244,-0.0085082,-0.024481,-0.037756,-0.036972,-0.022605,-0.017462,-0.016352,-0.0064682,-0.010916,-0.012825,-0.018677,0.018373,0.00457,-0.011752,-0.0037361,-0.036861,-0.0097254,-0.027986,-0.043159,-0.042265,-0.02584,-0.019962,-0.018691,-0.0073921,-0.012478,-0.014659
-0.016411,0.016145,0.0040165,-0.010326,-0.0032826,-0.032389,-0.0085452,-0.024591,-0.037922,-0.037137,-0.022704,-0.01754,-0.016423,-0.0064945,-0.010964,-0.01288,-0.018677,0.018373,0.00457,-0.011752,-0.0037361,-0.036861,-0.0097254,-0.027986,-0.043159,-0.042265,-0.02584,-0.019962,-0.018691,-0.0073921,-0.012478,-0.014659
-0.016406,0.016141,0.0040156,-0.010323,-0.0032817,-0.03238,-0.0085429,-0.024584,-0.037912,-0.037127,-0.022698,-0.017536,-0.016419,-0.0064927,-0.010961,-0.012876,-0.016074,0.015805,0.0039293,-0.010114,-0.0032155,-0.031718,-0.0083696,-0.024082,-0.03714,-0.036369,-0.022237,-0.017177,-0.016085,-0.0063631,-0.010738,-0.012617
-0.016202,0.015896,0.0039401,-0.010196,-0.0032424,-0.031947,-0.0084356,-0.024254,-0.037422,-0.036638,-0.022408,-0.0173,-0.01621,-0.0064221,-0.010819,-0.012723,-0.016074,0.015805,0.0039293,-0.010114,-0.0032155,-0.031718,-0.0083696,-0.024082,-0.03714,-0.036369,-0.022237,-0.017177,-0.016085,-0.0063631,-0.010738,-0.012617
-0.016314,0.016036,0.0039847,-0.010265,-0.0032638,-0.032189,-0.0084946,-0.024438,-0.037693,-0.03691,-0.022568,-0.017432,-0.016325,-0.0064596,-0.010898,-0.012806,-0.018677,0.018373,0.00457,-0.011752,-0.0037361,-0.036861,-0.0097254,-0.027986,-0.043159,-0.042265,-0.02584,-0.019962,-0.018691,-0.0073921,-0.012478,-0.014659
-0.016222,0.015925,0.0039509,-0.010207,-0.0032459,-0.031992,-0.0084459,-0.024289,-0.037471,-0.036688,-0.022436,-0.017325,-0.01623,-0.0064273,-0.010833,-0.012737,-0.016074,0.015805,0.0039293,-0.010114,-0.0032155,-0.031718,-0.0083696,-0.024082,-0.03714,-0.036369,-0.022237,-0.017177,-0.016085,-0.0063631,-0.010738,-0.012617
-0.016404,0.016132,0.0040113,-0.010321,-0.0032814,-0.03237,-0.0085413,-0.024577,-0.037903,-0.037117,-0.022693,-0.01753,-0.016415,-0.0064931,-0.010959,-0.012875,-0.016074,0.015805,0.0039293,-0.010114,-0.0032155,-0.031718,-0.0083696,-0.024082,-0.03714,-0.036369,-0.022237,-0.017177,-0.016085,-0.0063631,-0.010738,-0.012617
-0.016329,0.016055,0.0039907,-0.010275,-0.0032667,-0.032221,-0.0085026,-0.024463,-0.03773,-0.036946,-0.02259,-0.017449,-0.016341,-0.0064647,-0.010909,-0.012818,-0.018677,0.018373,0.00457,-0.011752,-0.0037361,-0.036861,-0.0097254,-0.027986,-0.043159,-0.042265,-0.02584,-0.019962,-0.018691,-0.0073921,-0.012478,-0.014659
-0.016503,0.016245,0.0040443,-0.010383,-0.0033008,-0.032577,-0.0085935,-0.024734,-0.038139,-0.037351,-0.022833,-0.017643,-0.016517,-0.006529,-0.011027,-0.012951,-0.016074,0.015805,0.0039293,-0.010114,-0.0032155,-0.031718,-0.0083696,-0.024082,-0.03714,-0.036369,-0.022237,-0.017177,-0.016085,-0.0063631,-0.010738,-0.012617
-0.016413,0.016149,0.0040182,-0.010327,-0.0032829,-0.032394,-0.0085462,-0.024595,-0.037927,-0.037142,-0.022707,-0.017543,-0.016425,-0.0064948,-0.010966,-0.012881,-0.018677,0.018373,0.00457,-0.011752,-0.0037361,-0.036861,-0.0097254,-0.027986,-0.043159,-0.042265,-0.02584,-0.019962,-0.018691,-0.0073921,-0.012478,-0.014659
-0.016396,0.016124,0.0040093,-0.010316,-0.0032798,-0.032355,-0.0085372,-0.024565,-0.037884,-0.037099,-0.022682,-0.017522,-0.016407,-0.0064899,-0.010953,-0.012869,-0.016074,0.015805,0.0039293,-0.010114,-0.0032155,-0.031718,-0.0083696,-0.024082,-0.03714,-0.036369,-0.022237,-0.017177,-0.016085,-0.0063631,-0.010738,-0.012617
-0.016156,0.015858,0.0039332,-0.010166,-0.0032328,-0.031861,-0.0084117,-0.024189,-0.037318,-0.036538,-0.022345,-0.017253,-0.016164,-0.006402,-0.010789,-0.012686,-0.018677,0.018373,0.00457,-0.011752,-0.0037361,-0.036861,-0.0097254,-0.027986,-0.043159,-0.042265,-0.02584,-0.019962,-0.018691,-0.0073921,-0.012478,-0.014659
-0.016528,0.016271,0.0040514,-0.010399,-0.0033058,-0.032628,-0.0086066,-0.024773,-0.038198,-0.037409,-0.022869,-0.01767,-0.016542,-0.0065386,-0.011044,-0.01297,-0.016074,0.015805,0.0039293,-0.010114,-0.0032155,-0.031718,-0.0083696,-0.024082,-0.03714,-0.036369,-0.022237,-0.017177,-0.016085,-0.0063631,-0.010738,-0.012617
-0.016487,0.016227,0.0040392,-0.010374,-0.0032977,-0.032545,-0.0085853,-0.024709,-0.038102,-0.037314,-0.022811,-0.017625,-0.016501,-0.0065233,-0.011017,-0.012939,-0.016074,0.015805,0.0039293,-0.010114,-0.0032155,-0.031718,-0.0083696,-0.024082,-0.03714,-0.036369,-0.022237,-0.017177,-0.016085,-0.0063631,-0.010738,-0.012617
-0.016423,0.016159,0.0040209,-0.010333,-0.003285,-0.032415,-0.0085517,-0.024611,-0.037952,-0.037166,-0.022722,-0.017555,-0.016436,-0.0064989,-0.010973,-0.012889,-0.018677,0.018373,0.00457,-0.011752,-0.0037361,-0.036861,-0.0097254,-0.027986,-0.043159,-0.042265,-0.02584,-0.019962,-0.018691,-0.0073921,-0.012478,-0.014659
-0.016528,0.016271,0.0040514,-0.010399,-0.0033057,-0.032628,-0.0086066,-0.024773,-0.038198,-0.037409,-0.022868,-0.01767,-0.016542,-0.0065385,-0.011044,-0.01297,-0.016074,0.015805,0.0039293,-0.010114,-0.0032155,-0.031718,-0.0083696,-0.024082,-0.03714,-0.036369,-0.022237,-0.017177,-0.016085,-0.0063631,-0.010738,-0.012617
-0.016436,0.016176,0.0040266,-0.010341,-0.0032874,-0.032443,-0.0085585,-0.024632,-0.037983,-0.037198,-0.02274,-0.01757,-0.016449,-0.0065029,-0.010982,-0.012898,-0.018677,0.018373,0.00457,-0.011752,-0.0037361,-0.036861,-0.0097254,-0.027986,-0.043159,-0.042265,-0.02584,-0.019962,-0.018691,-0.0073921,-0.012478,-0.014659
-0.016354,0.016087,0.0040017,-0.01029,-0.0032713,-0.032276,-0.0085156,-0.024505,-0.03779,-0.037007,-0.022625,-0.017479,-0.016366,-0.0064725,-0.010926,-0.012835,-0.018677,0.018373,0.00457,-0.011752,-0.0037361,-0.036861,-0.0097254,-0.027986,-0.043159,-0.042265,-0.02584,-0.019962,-0.018691,-0.0073921,-0.012478,-0.014659
-0.01647,0.016204,0.0040315,-0.010363,-0.0032944,-0.032506,-0.0085759,-0.02468,-0.038059,-0.037271,-0.022786,-0.017604,-0.016482,-0.0065177,-0.011004,-0.012926,-0.016074,0.015805,0.0039293,-0.010114,-0.0032155,-0.031718,-0.0083696,-0.024082,-0.03714,-0.036369,-0.022237,-0.017177,-0.016085,-0.0063631,-0.010738,-0.012617
-0.016375,0.016101,0.004003,-0.010303,-0.0032757,-0.032312,-0.0085264,-0.024533,-0.037836,-0.037051,-0.022653,-0.017499,-0.016386,-0.0064823,-0.010939,-0.012853,-0.016074,0.015805,0.0039293,-0.010114,-0.0032155,-0.031718,-0.0083696,-0.024082,-0.03714,-0.036369,-0.022237,-0.017177,-0.016085,-0.0063631,-0.010738,-0.012617
-0.016505,0.016248,0.0040453,-0.010385,-0.0033012,-0.032582,-0.0085947,-0.024738,-0.038145,-0.037357,-0.022837,-0.017646,-0.016519,-0.0065297,-0.011029,-0.012952,-0.016074,0.015805,0.0039293,-0.010114,-0.0032155,-0.031718,-0.0083696,-0.024082,-0.03714,-0.036369,-0.022237,-0.017177,-0.016085,-0.0063631,-0.010738,-0.012617
-0.016344,0.016065,0.0039924,-0.010284,-0.0032696,-0.032247,-0.0085099,-0.024483,-0.037761,-0.036976,-0.022609,-0.017463,-0.016354,-0.006471,-0.010918,-0.012829,-0.016074,0.015805,0.0039293,-0.010114,-0.0032155,-0.031718,-0.0083696,-0.024082,-0.03714,-0.036369,-0.022237,-0.017177,-0.016085,-0.0063631,-0.010738,-0.012617
-0.016438,0.016177,0.0040265,-0.010342,-0.0032878,-0.032446,-0.0085595,-0.024635,-0.037987,-0.037202,-0.022743,-0.017572,-0.016451,-0.0065039,-0.010983,-0.0129,-0.018677,0.018373,0.00457,-0.011752,-0.0037361,-0.036861,-0.0097254,-0.027986,-0.043159,-0.042265,-0.02584,-0.019962,-0.018691,-0.0073921,-0.012478,-0.014659
-0.016488,0.01623,0.0040407,-0.010374,-0.0032979,-0.032548,-0.0085859,-0.024712,-0.038105,-0.037318,-0.022813,-0.017627,-0.016502,-0.0065232,-0.011018,-0.012939,-0.016074,0.015805,0.0039293,-0.010114,-0.0032155,-0.031718,-0.0083696,-0.024082,-0.03714,-0.036369,-0.022237,-0.017177,-0.016085,-0.0063631,-0.010738,-0.012617
-0.016516,0.016266,0.0040528,-0.010391,-0.0033031,-0.032609,-0.0086005,-0.024759,-0.038173,-0.037386,-0.022853,-0.017661,-0.016531,-0.0065321,-0.011037,-0.012959,-0.016074,0.015805,0.0039293,-0.010114,-0.0032155,-0.031718,-0.0083696,-0.024082,-0.03714,-0.036369,-0.022237,-0.017177,-0.016085,-0.0063631,-0.010738,-0.012617
-0.016448,0.016187,0.0040293,-0.010348,-0.0032898,-0.032466,-0.0085645,-0.02465,-0.03801,-0.037224,-0.022756,-0.017583,-0.016461,-0.0065076,-0.01099,-0.012907,-0.016074,0.015805,0.0039293,-0.010114,-0.0032155,-0.031718,-0.0083696,-0.024082,-0.03714,-0.036369,-0.022237,-0.017177,-0.016085,-0.0063631,-0.010738,-0.012617
-0.016448,0.016191,0.0040313,-0.010349,-0.0032897,-0.032469,-0.0085647,-0.024652,-0.038012,-0.037227,-0.022757,-0.017584,-0.016461,-0.0065069,-0.01099,-0.012907,-0.018677,0.018373,0.00457,-0.011752,-0.0037361,-0.036861,-0.0097254,-0.027986,-0.043159,-0.042265,-0.02584,-0.019962,-0.018691,-0.0073921,-0.012478,-0.014659
-0.016163,0.015859,0.0039317,-0.010171,-0.0032345,-0.031871,-0.0084154,-0.024196,-0.037333,-0.036551,-0.022354,-0.017259,-0.016171,-0.0064062,-0.010793,-0.012692,-0.018677,0.018373,0.00457,-0.011752,-0.0037361,-0.036861,-0.0097254,-0.027986,-0.043159,-0.042265,-0.02584,-0.019962,-0.018691,-0.0073921,-0.012478,-0.014659
-0.016409,0.016145,0.0040172,-0.010324,-0.0032821,-0.032386,-0.0085442,-0.024589,-0.037918,-0.037133,-0.022702,-0.017539,-0.016421,-0.0064933,-0.010963,-0.012878,-0.018677,0.018373,0.00457,-0.011752,-0.0037361,-0.036861,-0.0097254,-0.027986,-0.043159,-0.042265,-0.02584,-0.019962,-0.018691,-0.0073921,-0.012478,-0.014659
-0.016513,0.016265,0.0040525,-0.01039,-0.0033025,-0.032604,-0.0085991,-0.024755,-0.038167,-0.037381,-0.02285,-0.017658,-0.016528,-0.0065309,-0.011036,-0.012957,-0.018677,0.018373,0.00457,-0.011752,-0.0037361,-0.036861,-0.0097254,-0.027986,-0.043159,-0.042265,-0.02584,-0.019962,-0.018691,-0.0073921,-0.012478,-0.014659
-0.016718,0.016497,0.0041206,-0.010518,-0.0033425,-0.03303,-0.0087066,-0.02508,-0.038654,-0.037864,-0.023139,-0.01789,-0.016737,-0.006605,-0.011177,-0.013113,-0.016074,0.015805,0.0039293,-0.010114,-0.0032155,-0.031718,-0.0083696,-0.024082,-0.03714,-0.036369,-0.022237,-0.017177,-0.016085,-0.0063631,-0.010738,-0.012617
-0.016424,0.016164,0.0040232,-0.010334,-0.0032851,-0.03242,-0.0085524,-0.024614,-0.037956,-0.037171,-0.022724,-0.017557,-0.016437,-0.0064986,-0.010974,-0.012889,-0.018677,0.018373,0.00457,-0.011752,-0.0037361,-0.036861,-0.0097254,-0.027986,-0.043159,-0.042265,-0.02584,-0.019962,-0.018691,-0.0073921,-0.012478,-0.014659
-0.016398,0.016135,0.0040149,-0.010317,-0.00328,-0.032365,-0.0085386,-0.024573,-0.037894,-0.037109,-0.022687,-0.017528,-0.016411,-0.0064889,-0.010956,-0.012869,-0.018677,0.018373,0.00457,-0.011752,-0.0037361,-0.036861,-0.0097254,-0.027986,-0.043159,-0.042265,-0.02584,-0.019962,-0.018691,-0.0073921,-0.012478,-0.014659
-0.016434,0.016172,0.0040245,-0.01034,-0.0032872,-0.032438,-0.0085576,-0.024628,-0.037978,-0.037193,-0.022738,-0.017567,-0.016447,-0.006503,-0.010981,-0.012898,-0.018677,0.018373,0.00457,-0.011752,-0.0037361,-0.036861,-0.0097254,-0.027986,-0.043159,-0.042265,-0.02584,-0.019962,-0.018691,-0.0073921,-0.012478,-0.014659
-0.016337,0.016064,0.0039936,-0.010279,-0.0032681,-0.032237,-0.0085066,-0.024475,-0.037748,-0.036964,-0.0226,-0.017458,-0.016348,-0.0064672,-0.010914,-0.012823,-0.018677,0.018373,0.00457,-0.011752,-0.0037361,-0.036861,-0.0097254,-0.027986,-0.043159,-0.042265,-0.02584,-0.019962,-0.018691,-0.0073921,-0.012478,-0.014659
-0.016302,0.016022,0.0039811,-0.010257,-0.0032613,-0.032163,-0.0084882,-0.024419,-0.037664,-0.036881,-0.022551,-0.017418,-0.016313,-0.0064549,-0.01089,-0.012797,-0.018677,0.018373,0.00457,-0.011752,-0.0037361,-0.036861,-0.0097254,-0.027986,-0.043159,-0.042265,-0.02584,-0.019962,-0.018691,-0.0073921,-0.012478,-0.014659
-0.016553,0.0163,0.0040604,-0.010414,-0.0033105,-0.03268,-0.0086196,-0.024813,-0.038257,-0.037468,-0.022904,-0.017699,-0.016567,-0.0065472,-0.011061,-0.012989,-0.016074,0.015805,0.0039293,-0.010114,-0.0032155,-0.031718,-0.0083696,-0.024082,-0.03714,-0.036369,-0.022237,-0.017177,-0.016085,-0.0063631,-0.010738,-0.012617
-0.016515,0.016258,0.004048,-0.010391,-0.0033031,-0.032601,-0.0085997,-0.024753,-0.038167,-0.037379,-0.02285,-0.017656,-0.016529,-0.0065334,-0.011035,-0.01296,-0.016074,0.015805,0.0039293,-0.010114,-0.0032155,-0.031718,-0.0083696,-0.024082,-0.03714,-0.036369,-0.022237,-0.017177,-0.016085,-0.0063631,-0.010738,-0.012617
-0.016541,0.016289,0.0040577,-0.010407,-0.0033082,-0.032657,-0.0086135,-0.024795,-0.03823,-0.037442,-0.022888,-0.017687,-0.016556,-0.0065425,-0.011054,-0.012979,-0.016074,0.015805,0.0039293,-0.010114,-0.0032155,-0.031718,-0.0083696,-0.024082,-0.03714,-0.036369,-0.022237,-0.017177,-0.016085,-0.0063631,-0.010738,-0.012617
-0.01651,0.016255,0.0040482,-0.010387,-0.0033019,-0.032593,-0.008597,-0.024746,-0.038156,-0.037368,-0.022843,-0.017651,-0.016524,-0.0065307,-0.011032,-0.012955,-0.016074,0.015805,0.0039293,-0.010114,-0.0032155,-0.031718,-0.0083696,-0.024082,-0.03714,-0.036369,-0.022237,-0.017177,-0.016085,-0.0063631,-0.010738,-0.012617
-0.016576,0.016329,0.0040696,-0.010429,-0.0033149,-0.03273,-0.0086318,-0.024851,-0.038313,-0.037524,-0.022937,-0.017726,-0.016591,-0.0065549,-0.011078,-0.013006,-0.018677,0.018373,0.00457,-0.011752,-0.0037361,-0.036861,-0.0097254,-0.027986,-0.043159,-0.042265,-0.02584,-0.019962,-0.018691,-0.0073921,-0.012478,-0.014659
-0.016509,0.016258,0.0040502,-0.010387,-0.0033017,-0.032594,-0.0085967,-0.024747,-0.038156,-0.037369,-0.022843,-0.017652,-0.016523,-0.0065296,-0.011032,-0.012954,-0.018677,0.018373,0.00457,-0.011752,-0.0037361,-0.036861,-0.0097254,-0.027986,-0.043159,-0.042265,-0.02584,-0.019962,-0.018691,-0.0073921,-0.012478,-0.014659
-0.016435,0.016171,0.0040243,-0.01034,-0.0032873,-0.032438,-0.0085577,-0.024628,-0.037978,-0.037192,-0.022738,-0.017567,-0.016447,-0.0065032,-0.010981,-0.012898,-0.018677,0.018373,0.00457,-0.011752,-0.0037361,-0.036861,-0.0097254,-0.027986,-0.043159,-0.042265,-0.02584,-0.019962,-0.018691,-0.0073921,-0.012478,-0.014659
-0.016708,0.016501,0.004126,-0.01051,-0.0033399,-0.033019,-0.0087013,-0.025072,-0.038635,-0.037848,-0.023127,-0.017884,-0.016727,-0.0065975,-0.011171,-0.013102,-0.016074,0.015805,0.0039293,-0.010114,-0.0032155,-0.031718,-0.0083696,-0.024082,-0.03714,-0.036369,-0.022237,-0.017177,-0.016085,-0.0063631,-0.010738,-0.012617
-0.016397,0.016131,0.0040127,-0.010317,-0.0032799,-0.032361,-0.0085382,-0.02457,-0.037891,-0.037106,-0.022685,-0.017526,-0.01641,-0.0064894,-0.010955,-0.012869,-0.018677,0.018373,0.00457,-0.011752,-0.0037361,-0.036861,-0.0097254,-0.027986,-0.043159,-0.042265,-0.02584,-0.019962,-0.018691,-0.0073921,-0.012478,-0.014659
-0.016461,0.016203,0.0040343,-0.010357,-0.0032922,-0.032494,-0.0085713,-0.024671,-0.038041,-0.037255,-0.022775,-0.017598,-0.016474,-0.006512,-0.010999,-0.012917,-0.018677,0.018373,0.00457,-0.011752,-0.0037361,-0.036861,-0.0097254,-0.027986,-0.043159,-0.042265,-0.02584,-0.019962,-0.018691,-0.0073921,-0.012478,-0.014659
-0.016342,0.016073,0.0039974,-0.010282,-0.003269,-0.03225,-0.0085094,-0.024486,-0.037762,-0.036979,-0.022608,-0.017465,-0.016354,-0.0064683,-0.010918,-0.012826,-0.018677,0.018373,0.00457,-0.011752,-0.0037361,-0.036861,-0.0097254,-0.027986,-0.043159,-0.042265,-0.02584,-0.019962,-0.018691,-0.0073921,-0.012478,-0.014659
-0.016304,0.016014,0.0039755,-0.010259,-0.0032621,-0.03216,-0.008489,-0.024416,-0.037665,-0.036879,-0.022552,-0.017416,-0.016313,-0.0064581,-0.010889,-0.0128,-0.016074,0.015805,0.0039293,-0.010114,-0.0032155,-0.031718,-0.0083696,-0.024082,-0.03714,-0.036369,-0.022237,-0.017177,-0.016085,-0.0063631,-0.010738,-0.012617
-0.016447,0.016184,0.0040274,-0.010348,-0.0032897,-0.032463,-0.0085642,-0.024647,-0.038007,-0.037221,-0.022755,-0.017581,-0.01646,-0.0065081,-0.010989,-0.012908,-0.016074,0.015805,0.0039293,-0.010114,-0.0032155,-0.031718,-0.0083696,-0.024082,-0.03714,-0.036369,-0.022237,-0.017177,-0.016085,-0.0063631,-0.010738,-0.012617
-0.01633,0.01605,0.003988,-0.010275,-0.003267,-0.032219,-0.0085029,-0.024461,-0.037729,-0.036945,-0.02259,-0.017448,-0.016341,-0.0064661,-0.010908,-0.012819,-0.016074,0.015805,0.0039293,-0.010114,-0.0032155,-0.031718,-0.0083696,-0.024082,-0.03714,-0.036369,-0.022237,-0.017177,-0.016085,-0.0063631,-0.010738,-0.012617
-0.016233,0.015942,0.0039567,-0.010215,-0.003248,-0.032019,-0.0084521,-0.024309,-0.0375,-0.036717,-0.022453,-0.017339,-0.016242,-0.0064308,-0.010842,-0.012745,-0.018677,0.018373,0.00457,-0.011752,-0.0037361,-0.036861,-0.0097254,-0.027986,-0.043159,-0.042265,-0.02584,-0.019962,-0.018691,-0.0073921,-0.012478,-0.014659
-0.016367,0.016096,0.0040026,-0.010298,-0.0032741,-0.032299,-0.0085224,-0.024522,-0.037819,-0.037035,-0.022643,-0.017492,-0.016379,-0.0064786,-0.010934,-0.012846,-0.018677,0.018373,0.00457,-0.011752,-0.0037361,-0.036861,-0.0097254,-0.027986,-0.043159,-0.042265,-0.02584,-0.019962,-0.018691,-0.0073921,-0.012478,-0.014659
-0.016292,0.016016,0.0039805,-0.010251,-0.0032593,-0.032147,-0.0084833,-0.024407,-0.037644,-0.036861,-0.022538,-0.017409,-0.016303,-0.0064505,-0.010884,-0.012789,-0.018677,0.018373,0.00457,-0.011752,-0.0037361,-0.036861,-0.0097254,-0.027986,-0.043159,-0.042265,-0.02584,-0.019962,-0.018691,-0.0073921,-0.012478,-0.014659
-0.016463,0.016203,0.0040333,-0.010358,-0.0032929,-0.032497,-0.0085727,-0.024673,-0.038046,-0.03726,-0.022778,-0.017599,-0.016477,-0.0065138,-0.011,-0.01292,-0.016074,0.015805,0.0039293,-0.010114,-0.0032155,-0.031718,-0.0083696,-0.024082,-0.03714,-0.036369,-0.022237,-0.017177,-0.016085,-0.0063631,-0.010738,-0.012617
-0.016298,0.016012,0.0039767,-0.010255,-0.0032607,-0.032151,-0.0084858,-0.024409,-0.037652,-0.036868,-0.022544,-0.017411,-0.016308,-0.0064545,-0.010886,-0.012794,-0.016074,0.015805,0.0039293,-0.010114,-0.0032155,-0.031718,-0.0083696,-0.024082,-0.03714,-0.036369,-0.022237,-0.017177,-0.016085,-0.0063631,-0.010738,-0.012617
-0.016133,0.015832,0.0039256,-0.010152,-0.0032284,-0.031813,-0.0083996,-0.024152,-0.037264,-0.036484,-0.022313,-0.017227,-0.016141,-0.0063937,-0.010773,-0.012668,-0.018677,0.018373,0.00457,-0.011752,-0.0037361,-0.036861,-0.0097254,-0.027986,-0.043159,-0.042265,-0.02584,-0.019962,-0.018691,-0.0073921,-0.012478,-0.014659
-0.016053,0.015729,0.0038924,-0.010102,-0.0032131,-0.031638,-0.0083572,-0.024019,-0.037068,-0.036287,-0.022197,-0.017132,-0.016058,-0.0063672,-0.010716,-0.012609,-0.018677,0.018373,0.00457,-0.011752,-0.0037361,-0.036861,-0.0097254,-0.027986,-0.043159,-0.042265,-0.02584,-0.019962,-0.018691,-0.0073921,-0.012478,-0.014659
-0.016441,0.016173,0.004023,-0.010344,-0.0032887,-0.032447,-0.0085608,-0.024635,-0.037991,-0.037204,-0.022745,-0.017572,-0.016453,-0.0065068,-0.010984,-0.012903,-0.016074,0.015805,0.0039293,-0.010114,-0.0032155,-0.031718,-0.0083696,-0.024082,-0.03714,-0.036369,-0.022237,-0.017177,-0.016085,-0.0063631,-0.010738,-0.012617
-0.016016,0.015685,0.0038783,-0.01008,-0.0032061,-0.031561,-0.0083382,-0.023959,-0.036981,-0.0362,-0.022145,-0.017089,-0.01602,-0.006355,-0.010691,-0.012582,-0.016074,0.015805,0.0039293,-0.010114,-0.0032155,-0.031718,-0.0083696,-0.024082,-0.03714,-0.036369,-0.022237,-0.017177,-0.016085,-0.0063631,-0.010738,-0.012617
-0.016175,0.015868,0.0039332,-0.010178,-0.0032369,-0.031892,-0.0084213,-0.024212,-0.037358,-0.036575,-0.022369,-0.01727,-0.016182,-0.0064112,-0.010801,-0.012702,-0.018677,0.018373,0.00457,-0.011752,-0.0037361,-0.036861,-0.0097254,-0.027986,-0.043159,-0.042265,-0.02584,-0.019962,-0.018691,-0.0073921,-0.012478,-0.014659
-0.016201,0.015888,0.0039357,-0.010195,-0.0032424,-0.03194,-0.0084349,-0.024248,-0.037417,-0.036631,-0.022405,-0.017296,-0.016208,-0.0064233,-0.010817,-0.012724,-0.018677,0.018373,0.00457,-0.011752,-0.0037361,-0.036861,-0.0097254,-0.027986,-0.043159,-0.042265,-0.02584,-0.019962,-0.018691,-0.0073921,-0.012478,-0.014659
-0.016281,0.015987,0.0039675,-0.010245,-0.0032577,-0.032112,-0.008477,-0.02438,-0.03761,-0.036825,-0.022519,-0.01739,-0.01629,-0.00645,-0.010874,-0.012783,-0.016074,0.015805,0.0039293,-0.010114,-0.0032155,-0.031718,-0.0083696,-0.024082,-0.03714,-0.036369,-0.022237,-0.017177,-0.016085,-0.0063631,-0.010738,-0.012617
-0.016231,0.015938,0.0039551,-0.010213,-0.0032476,-0.032013,-0.0084508,-0.024304,-0.037494,-0.036711,-0.02245,-0.017336,-0.01624,-0.0064302,-0.01084,-0.012743,-0.018677,0.018373,0.00457,-0.011752,-0.0037361,-0.036861,-0.0097254,-0.027986,-0.043159,-0.042265,-0.02584,-0.019962,-0.018691,-0.0073921,-0.012478,-0.014659
-0.016466,0.016209,0.0040359,-0.01036,-0.0032933,-0.032505,-0.0085743,-0.024679,-0.038054,-0.037268,-0.022783,-0.017604,-0.01648,-0.0065141,-0.011003,-0.012921,-0.016074,0.015805,0.0039293,-0.010114,-0.0032155,-0.031718,-0.0083696,-0.024082,-0.03714,-0.036369,-0.022237,-0.017177,-0.016085,-0.0063631,-0.010738,-0.012617
-0.016206,0.015897,0.0039397,-0.010198,-0.0032432,-0.031953,-0.0084376,-0.024258,-0.03743,-0.036645,-0.022413,-0.017303,-0.016213,-0.0064242,-0.010821,-0.012727,-0.018677,0.018373,0.00457,-0.011752,-0.0037361,-0.036861,-0.0097254,-0.027986,-0.043159,-0.042265,-0.02584,-0.019962,-0.018691,-0.0073921,-0.012478,-0.014659
-0.01649,0.016228,0.0040392,-0.010375,-0.0032983,-0.032549,-0.0085866,-0.024713,-0.038108,-0.037319,-0.022815,-0.017628,-0.016503,-0.0065246,-0.011018,-0.012941,-0.016074,0.015805,0.0039293,-0.010114,-0.0032155,-0.031718,-0.0083696,-0.024082,-0.03714,-0.036369,-0.022237,-0.017177,-0.016085,-0.0063631,-0.010738,-0.012617
-0.016176,0.015868,0.0039327,-0.010179,-0.0032373,-0.031895,-0.0084221,-0.024214,-0.037362,-0.036578,-0.022372,-0.017271,-0.016184,-0.0064123,-0.010802,-0.012703,-0.018677,0.018373,0.00457,-0.011752,-0.0037361,-0.036861,-0.0097254,-0.027986,-0.043159,-0.042265,-0.02584,-0.019962,-0.018691,-0.0073921,-0.012478,-0.014659
-0.016646,0.016411,0.004094,-0.010472,-0.0033285,-0.032877,-0.0086685,-0.024963,-0.03848,-0.03769,-0.023036,-0.017806,-0.016662,-0.0065797,-0.011126,-0.013059,-0.018677,0.018373,0.00457,-0.011752,-0.0037361,-0.036861,-0.0097254,-0.027986,-0.043159,-0.042265,-0.02584,-0.019962,-0.018691,-0.0073921,-0.012478,-0.014659
-0.016406,0.016142,0.0040162,-0.010323,-0.0032817,-0.032381,-0.008543,-0.024585,-0.037913,-0.037128,-0.022698,-0.017536,-0.016419,-0.0064926,-0.010962,-0.012876,-0.018677,0.018373,0.00457,-0.011752,-0.0037361,-0.036861,-0.0097254,-0.027986,-0.043159,-0.042265,-0.02584,-0.019962,-0.018691,-0.0073921,-0.012478,-0.014659
-0.0166,0.016374,0.0040874,-0.010443,-0.0033191,-0.032792,-0.0086448,-0.024898,-0.038377,-0.037591,-0.022974,-0.01776,-0.016617,-0.0065598,-0.011097,-0.013021,-0.018677,0.018373,0.00457,-0.011752,-0.0037361,-0.036861,-0.0097254,-0.027986,-0.043159,-0.042265,-0.02584,-0.019962,-0.018691,-0.0073921,-0.012478,-0.014659
-0.016275,0.01598,0.003965,-0.010241,-0.0032566,-0.0321,-0.0084739,-0.02437,-0.037596,-0.036811,-0.022511,-0.017383,-0.016284,-0.0064482,-0.01087,-0.012779,-0.016074,0.015805,0.0039293,-0.010114,-0.0032155,-0.031718,-0.0083696,-0.024082,-0.03714,-0.036369,-0.022237,-0.017177,-0.016085,-0.0063631,-0.010738,-0.012617
-0.016089,0.015765,0.0039014,-0.010125,-0.0032204,-0.031711,-0.0083762,-0.024074,-0.037153,-0.03637,-0.022248,-0.017171,-0.016094,-0.0063816,-0.010741,-0.012638,-0.016074,0.015805,0.0039293,-0.010114,-0.0032155,-0.031718,-0.0083696,-0.024082,-0.03714,-0.036369,-0.022237,-0.017177,-0.016085,-0.0063631,-0.010738,-0.012617
-0.015694,0.015271,0.0037436,-0.0098795,-0.0031449,-0.030858,-0.0081681,-0.023422,-0.036197,-0.035411,-0.021682,-0.016705,-0.015687,-0.0062495,-0.010462,-0.012345,-0.016074,0.015805,0.0039293,-0.010114,-0.0032155,-0.031718,-0.0083696,-0.024082,-0.03714,-0.036369,-0.022237,-0.017177,-0.016085,-0.0063631,-0.010738,-0.012617
