-0.022237,-0.018527,-0.011865,-0.011358,0.0024909,-0.024328,-0.0016311,-0.032201,-0.026821,0.00050821,0.0014232,-0.034767,-0.047714,0.0027268,-0.036505,-0.0063325,-0.0066639,-0.1275,-0.028638,-0.10273,0.010367,-0.092815,0.013616,-0.26312,-0.16135,-0.013118,-0.020071,-0.1911,-0.2257,-0.020904,-0.22186,-0.043862
-0.0036009,-0.022757,-0.0059848,-0.017931,0.001962,-0.017796,0.002021,-0.04628,-0.029182,-0.0020675,-0.0030903,-0.034902,-0.041976,-0.0030775,-0.040083,-0.0078242,-0.16284,-0.067914,-0.072947,-0.027991,0.012895,-0.13064,-0.019781,-0.094971,-0.11123,0.011094,0.021811,-0.15421,-0.23195,0.032037,-0.15013,-0.023057
-0.014082,-0.020378,-0.0092914,-0.014234,0.0022593,-0.021469,-3.2873e-05,-0.038362,-0.027855,-0.00061898,-0.00055203,-0.034826,-0.045203,0.0001868,-0.038071,-0.0069853,-0.0066639,-0.1275,-0.028638,-0.10273,0.010367,-0.092815,0.013616,-0.26312,-0.16135,-0.013118,-0.020071,-0.1911,-0.2257,-0.020904,-0.22186,-0.043862
-0.0092819,-0.021468,-0.0077771,-0.015927,0.0021233,-0.019787,0.0009077,-0.041988,-0.028463,-0.0012824,-0.0017144,-0.034861,-0.043725,-0.0013081,-0.038993,-0.0073694,-0.16284,-0.067914,-0.072947,-0.027991,0.012895,-0.13064,-0.019781,-0.094971,-0.11123,0.011094,0.021811,-0.15421,-0.23195,0.032037,-0.15013,-0.023057
-0.029483,-0.016882,-0.01415,-0.008803,0.0026964,-0.026868,-0.003051,-0.026727,-0.025903,0.0015096,0.0031781,-0.034715,-0.049944,0.0049835,-0.035114,-0.0057526,-0.0066639,-0.1275,-0.028638,-0.10273,0.010367,-0.092815,0.013616,-0.26312,-0.16135,-0.013118,-0.020071,-0.1911,-0.2257,-0.020904,-0.22186,-0.043862
-0.0061033,-0.022189,-0.0067743,-0.017048,0.002033,-0.018673,0.0015306,-0.04439,-0.028865,-0.0017217,-0.0024844,-0.034884,-0.042746,-0.0022981,-0.039603,-0.0076239,-0.0066639,-0.1275,-0.028638,-0.10273,0.010367,-0.092815,0.013616,-0.26312,-0.16135,-0.013118,-0.020071,-0.1911,-0.2257,-0.020904,-0.22186,-0.043862
-0.012109,-0.020826,-0.008669,-0.01493,0.0022035,-0.020778,0.00035372,-0.039853,-0.028104,-0.00089176,-0.0010298,-0.034841,-0.044595,-0.00042778,-0.03845,-0.0071432,-0.0066639,-0.1275,-0.028638,-0.10273,0.010367,-0.092815,0.013616,-0.26312,-0.16135,-0.013118,-0.020071,-0.1911,-0.2257,-0.020904,-0.22186,-0.043862
-0.016332,-0.019867,-0.010001,-0.013441,0.0023233,-0.022258,-0.00047377,-0.036663,-0.027569,-0.00030803,-7.1575e-06,-0.03481,-0.045895,0.00088759,-0.037639,-0.0068053,-0.0066639,-0.1275,-0.028638,-0.10273,0.010367,-0.092815,0.013616,-0.26312,-0.16135,-0.013118,-0.020071,-0.1911,-0.2257,-0.020904,-0.22186,-0.043862
-0.035024,-0.015624,-0.015899,-0.0068489,0.0028537,-0.028811,-0.0041368,-0.022541,-0.025201,0.0022756,0.0045201,-0.034674,-0.05165,0.0067094,-0.03405,-0.0053091,-0.0066639,-0.1275,-0.028638,-0.10273,0.010367,-0.092815,0.013616,-0.26312,-0.16135,-0.013118,-0.020071,-0.1911,-0.2257,-0.020904,-0.22186,-0.043862
-0.034729,-0.015691,-0.015806,-0.0069528,0.0028453,-0.028707,-0.004079,-0.022764,-0.025239,0.0022347,0.0044487,-0.034677,-0.051559,0.0066174,-0.034107,-0.0053327,-0.0066639,-0.1275,-0.028638,-0.10273,0.010367,-0.092815,0.013616,-0.26312,-0.16135,-0.013118,-0.020071,-0.1911,-0.2257,-0.020904,-0.22186,-0.043862
-0.018443,-0.019388,-0.010667,-0.012696,0.0023831,-0.022998,-0.00088747,-0.035067,-0.027302,-1.6278e-05,0.00050431,-0.034795,-0.046545,0.0015451,-0.037234,-0.0066363,-0.0066639,-0.1275,-0.028638,-0.10273,0.010367,-0.092815,0.013616,-0.26312,-0.16135,-0.013118,-0.020071,-0.1911,-0.2257,-0.020904,-0.22186,-0.043862
-0.032226,-0.016259,-0.015016,-0.0078354,0.0027743,-0.02783,-0.0035885,-0.024654,-0.025556,0.0018887,0.0038425,-0.034695,-0.050789,0.005838,-0.034587,-0.0055331,-0.0066639,-0.1275,-0.028638,-0.10273,0.010367,-0.092815,0.013616,-0.26312,-0.16135,-0.013118,-0.020071,-0.1911,-0.2257,-0.020904,-0.22186,-0.043862
-0.019334,-0.019186,-0.010949,-0.012382,0.0024085,-0.023311,-0.0010623,-0.034394,-0.027189,0.00010698,0.00072015,-0.034788,-0.04682,0.0018228,-0.037063,-0.0065649,-0.0066639,-0.1275,-0.028638,-0.10273,0.010367,-0.092815,0.013616,-0.26312,-0.16135,-0.013118,-0.020071,-0.1911,-0.2257,-0.020904,-0.22186,-0.043862
-0.017562,-0.019588,-0.010389,-0.013007,0.0023581,-0.022689,-0.00071499,-0.035733,-0.027414,-0.00013801,0.00029083,-0.034801,-0.046274,0.0012708,-0.037403,-0.0067067,-0.0066639,-0.1275,-0.028638,-0.10273,0.010367,-0.092815,0.013616,-0.26312,-0.16135,-0.013118,-0.020071,-0.1911,-0.2257,-0.020904,-0.22186,-0.043862
-0.032158,-0.016275,-0.014994,-0.0078597,0.0027723,-0.027806,-0.0035752,-0.024706,-0.025564,0.0018793,0.0038259,-0.034695,-0.050768,0.0058166,-0.0346,-0.0055386,-0.0066639,-0.1275,-0.028638,-0.10273,0.010367,-0.092815,0.013616,-0.26312,-0.16135,-0.013118,-0.020071,-0.1911,-0.2257,-0.020904,-0.22186,-0.043862
-0.013772,-0.020448,-0.0091937,-0.014344,0.0022507,-0.021361,2.7873e-05,-0.038596,-0.027894,-0.00066192,-0.00062695,-0.034829,-0.045107,9.0302e-05,-0.038131,-0.00701,-0.0066639,-0.1275,-0.028638,-0.10273,0.010367,-0.092815,0.013616,-0.26312,-0.16135,-0.013118,-0.020071,-0.1911,-0.2257,-0.020904,-0.22186,-0.043862
-0.0063543,-0.022132,-0.0068535,-0.01696,0.0020401,-0.018761,0.0014814,-0.0442,-0.028834,-0.0016871,-0.0024234,-0.034882,-0.042824,-0.00222,-0.039555,-0.0076038,-0.16284,-0.067914,-0.072947,-0.027991,0.012895,-0.13064,-0.019781,-0.094971,-0.11123,0.011094,0.021811,-0.15421,-0.23195,0.032037,-0.15013,-0.023057
0.0050676,-0.024725,-0.00325,-0.020988,0.001716,-0.014757,0.0037196,-0.052829,-0.030281,-0.0032657,-0.0051898,-0.034965,-0.039307,-0.0057773,-0.041748,-0.008518,-0.16284,-0.067914,-0.072947,-0.027991,0.012895,-0.13064,-0.019781,-0.094971,-0.11123,0.011094,0.021811,-0.15421,-0.23195,0.032037,-0.15013,-0.023057
-0.011227,-0.021026,-0.0083907,-0.015241,0.0021784,-0.020469,0.00052654,-0.040519,-0.028216,-0.0010135,-0.0012435,-0.034847,-0.044324,-0.00070229,-0.038619,-0.0072138,-0.16284,-0.067914,-0.072947,-0.027991,0.012895,-0.13064,-0.019781,-0.094971,-0.11123,0.011094,0.021811,-0.15421,-0.23195,0.032037,-0.15013,-0.023057
-0.0009478,-0.023359,-0.0051479,-0.018866,0.0018868,-0.016865,0.0025409,-0.048285,-0.029519,-0.0024344,-0.0037329,-0.034921,-0.041159,-0.0039038,-0.040593,-0.0080365,-0.16284,-0.067914,-0.072947,-0.027991,0.012895,-0.13064,-0.019781,-0.094971,-0.11123,0.011094,0.021811,-0.15421,-0.23195,0.032037,-0.15013,-0.023057
-0.009092,-0.021511,-0.0077171,-0.015994,0.0021178,-0.01972,0.00094491,-0.042132,-0.028487,-0.0013087,-0.0017604,-0.034862,-0.043666,-0.0013672,-0.039029,-0.0073848,-0.16284,-0.067914,-0.072947,-0.027991,0.012895,-0.13064,-0.019781,-0.094971,-0.11123,0.011094,0.021811,-0.15421,-0.23195,0.032037,-0.15013,-0.023057
0.0023076,-0.024098,-0.0041207,-0.020014,0.0017943,-0.015724,0.0031788,-0.050744,-0.029931,-0.0028842,-0.0045214,-0.034945,-0.040157,-0.0049178,-0.041218,-0.0082972,-0.16284,-0.067914,-0.072947,-0.027991,0.012895,-0.13064,-0.019781,-0.094971,-0.11123,0.011094,0.021811,-0.15421,-0.23195,0.032037,-0.15013,-0.023057
-0.0033793,-0.022807,-0.0059148,-0.018009,0.0019558,-0.017718,0.0020643,-0.046448,-0.029211,-0.0020982,-0.003144,-0.034904,-0.041908,-0.0031465,-0.040126,-0.007842,-0.16284,-0.067914,-0.072947,-0.027991,0.012895,-0.13064,-0.019781,-0.094971,-0.11123,0.011094,0.021811,-0.15421,-0.23195,0.032037,-0.15013,-0.023057
-0.0055926,-0.022305,-0.0066131,-0.017228,0.0020186,-0.018494,0.0016306,-0.044776,-0.02893,-0.0017923,-0.002608,-0.034888,-0.042589,-0.0024572,-0.039701,-0.0076648,-0.16284,-0.067914,-0.072947,-0.027991,0.012895,-0.13064,-0.019781,-0.094971,-0.11123,0.011094,0.021811,-0.15421,-0.23195,0.032037,-0.15013,-0.023057
0.00062154,-0.023715,-0.0046528,-0.01942,0.0018422,-0.016315,0.0028485,-0.04947,-0.029717,-0.0026512,-0.004113,-0.034933,-0.040676,-0.0043926,-0.040894,-0.0081621,-0.16284,-0.067914,-0.072947,-0.027991,0.012895,-0.13064,-0.019781,-0.094971,-0.11123,0.011094,0.021811,-0.15421,-0.23195,0.032037,-0.15013,-0.023057
0.002202,-0.024074,-0.0041541,-0.019977,0.0017974,-0.015761,0.0031582,-0.050664,-0.029918,-0.0028696,-0.0044958,-0.034944,-0.040189,-0.0048848,-0.041198,-0.0082887,-0.16284,-0.067914,-0.072947,-0.027991,0.012895,-0.13064,-0.019781,-0.094971,-0.11123,0.011094,0.021811,-0.15421,-0.23195,0.032037,-0.15013,-0.023057
-0.0057954,-0.022259,-0.0066772,-0.017157,0.0020243,-0.018565,0.0015909,-0.044622,-0.028904,-0.0017644,-0.0025589,-0.034886,-0.042652,-0.002394,-0.039662,-0.0076485,-0.16284,-0.067914,-0.072947,-0.027991,0.012895,-0.13064,-0.019781,-0.094971,-0.11123,0.011094,0.021811,-0.15421,-0.23195,0.032037,-0.15013,-0.023057
-0.012531,-0.02073,-0.0088023,-0.014781,0.0022154,-0.020926,0.00027101,-0.039534,-0.028051,-0.00083327,-0.00092742,-0.034837,-0.044725,-0.00029618,-0.038369,-0.0071095,-0.16284,-0.067914,-0.072947,-0.027991,0.012895,-0.13064,-0.019781,-0.094971,-0.11123,0.011094,0.021811,-0.15421,-0.23195,0.032037,-0.15013,-0.023057
-0.0037466,-0.022724,-0.0060307,-0.017879,0.0019661,-0.017847,0.0019925,-0.04617,-0.029164,-0.0020475,-0.003055,-0.034901,-0.042021,-0.003032,-0.040056,-0.0078126,-0.0066639,-0.1275,-0.028638,-0.10273,0.010367,-0.092815,0.013616,-0.26312,-0.16135,-0.013118,-0.020071,-0.1911,-0.2257,-0.020904,-0.22186,-0.043862
0.0013421,-0.023879,-0.0044253,-0.019674,0.0018218,-0.016063,0.0029896,-0.050015,-0.029809,-0.0027508,-0.0042875,-0.034938,-0.040454,-0.004617,-0.041033,-0.0082198,-0.0066639,-0.1275,-0.028638,-0.10273,0.010367,-0.092815,0.013616,-0.26312,-0.16135,-0.013118,-0.020071,-0.1911,-0.2257,-0.020904,-0.22186,-0.043862
0.012631,-0.026442,-0.00086374,-0.023655,0.0015015,-0.012105,0.005202,-0.058544,-0.031239,-0.0043111,-0.0070218,-0.03502,-0.036978,-0.0081331,-0.0432,-0.0091235,-0.16284,-0.067914,-0.072947,-0.027991,0.012895,-0.13064,-0.019781,-0.094971,-0.11123,0.011094,0.021811,-0.15421,-0.23195,0.032037,-0.15013,-0.023057
-0.012066,-0.020836,-0.0086554,-0.014945,0.0022022,-0.020763,0.00036227,-0.039886,-0.02811,-0.00089763,-0.0010403,-0.034841,-0.044582,-0.00044119,-0.038458,-0.0071466,-0.16284,-0.067914,-0.072947,-0.027991,0.012895,-0.13064,-0.019781,-0.094971,-0.11123,0.011094,0.021811,-0.15421,-0.23195,0.032037,-0.15013,-0.023057
-0.0023422,-0.023043,-0.0055878,-0.018374,0.0019264,-0.017354,0.0022676,-0.047231,-0.029342,-0.0022416,-0.0033952,-0.034911,-0.041588,-0.0034694,-0.040325,-0.007925,-0.16284,-0.067914,-0.072947,-0.027991,0.012895,-0.13064,-0.019781,-0.094971,-0.11123,0.011094,0.021811,-0.15421,-0.23195,0.032037,-0.15013,-0.023057
0.012249,-0.026355,-0.00098436,-0.02352,0.0015124,-0.012239,0.005127,-0.058255,-0.03119,-0.0042583,-0.006929,-0.035017,-0.037096,-0.008014,-0.043127,-0.0090928,-0.0066639,-0.1275,-0.028638,-0.10273,0.010367,-0.092815,0.013616,-0.26312,-0.16135,-0.013118,-0.020071,-0.1911,-0.2257,-0.020904,-0.22186,-0.043862
0.0081639,-0.025427,-0.0022732,-0.02208,0.0016282,-0.013671,0.0043264,-0.055168,-0.030673,-0.0036937,-0.0059396,-0.034988,-0.038354,-0.0067418,-0.042343,-0.0087659,-0.16284,-0.067914,-0.072947,-0.027991,0.012895,-0.13064,-0.019781,-0.094971,-0.11123,0.011094,0.021811,-0.15421,-0.23195,0.032037,-0.15013,-0.023057
-0.010322,-0.021232,-0.0081052,-0.01556,0.0021528,-0.020151,0.000704,-0.041203,-0.028331,-0.0011387,-0.0014626,-0.034854,-0.044045,-0.00098432,-0.038793,-0.0072862,-0.0066639,-0.1275,-0.028638,-0.10273,0.010367,-0.092815,0.013616,-0.26312,-0.16135,-0.013118,-0.020071,-0.1911,-0.2257,-0.020904,-0.22186,-0.043862
-0.010807,-0.021121,-0.0082584,-0.015389,0.0021664,-0.020322,0.00060865,-0.040836,-0.028269,-0.0010716,-0.001345,-0.03485,-0.044195,-0.00083291,-0.0387,-0.0072473,-0.0066639,-0.1275,-0.028638,-0.10273,0.010367,-0.092815,0.013616,-0.26312,-0.16135,-0.013118,-0.020071,-0.1911,-0.2257,-0.020904,-0.22186,-0.043862
0.0010813,-0.02382,-0.0045077,-0.019582,0.0018292,-0.016154,0.0029384,-0.049817,-0.029776,-0.0027148,-0.0042243,-0.034936,-0.040534,-0.0045357,-0.040983,-0.008199,-0.0066639,-0.1275,-0.028638,-0.10273,0.010367,-0.092815,0.013616,-0.26312,-0.16135,-0.013118,-0.020071,-0.1911,-0.2257,-0.020904,-0.22186,-0.043862
0.008164,-0.025428,-0.0022731,-0.02208,0.0016283,-0.013671,0.0043265,-0.055168,-0.030673,-0.0036936,-0.0059397,-0.034988,-0.038354,-0.0067416,-0.042343,-0.008766,-0.16284,-0.067914,-0.072947,-0.027991,0.012895,-0.13064,-0.019781,-0.094971,-0.11123,0.011094,0.021811,-0.15421,-0.23195,0.032037,-0.15013,-0.023057
-0.022352,-0.018501,-0.011901,-0.011318,0.002494,-0.024368,-0.0016535,-0.032114,-0.026807,0.00052392,0.0014509,-0.034766,-0.047749,0.0027624,-0.036483,-0.0063234,-0.0066639,-0.1275,-0.028638,-0.10273,0.010367,-0.092815,0.013616,-0.26312,-0.16135,-0.013118,-0.020071,-0.1911,-0.2257,-0.020904,-0.22186,-0.043862
-0.018505,-0.019374,-0.010687,-0.012674,0.002385,-0.02302,-0.00089967,-0.03502,-0.027294,-7.7618e-06,0.00051925,-0.034794,-0.046564,0.0015645,-0.037222,-0.0066312,-0.0066639,-0.1275,-0.028638,-0.10273,0.010367,-0.092815,0.013616,-0.26312,-0.16135,-0.013118,-0.020071,-0.1911,-0.2257,-0.020904,-0.22186,-0.043862
-0.013192,-0.02058,-0.0090108,-0.014548,0.0022341,-0.021158,0.00014143,-0.039034,-0.027967,-0.00074197,-0.00076745,-0.034833,-0.044929,-9.0239e-05,-0.038242,-0.0070565,-0.16284,-0.067914,-0.072947,-0.027991,0.012895,-0.13064,-0.019781,-0.094971,-0.11123,0.011094,0.021811,-0.15421,-0.23195,0.032037,-0.15013,-0.023057
-0.032158,-0.016275,-0.014994,-0.0078597,0.0027723,-0.027806,-0.0035751,-0.024706,-0.025564,0.0018793,0.0038259,-0.034695,-0.050768,0.0058167,-0.0346,-0.0055386,-0.16284,-0.067914,-0.072947,-0.027991,0.012895,-0.13064,-0.019781,-0.094971,-0.11123,0.011094,0.021811,-0.15421,-0.23195,0.032037,-0.15013,-0.023057
-0.024907,-0.017921,-0.012707,-0.010417,0.0025666,-0.025264,-0.0021543,-0.030184,-0.026483,0.00087712,0.0020699,-0.034748,-0.048535,0.0035583,-0.035993,-0.006119,-0.0066639,-0.1275,-0.028638,-0.10273,0.010367,-0.092815,0.013616,-0.26312,-0.16135,-0.013118,-0.020071,-0.1911,-0.2257,-0.020904,-0.22186,-0.043862
-0.03206,-0.016297,-0.014963,-0.0078941,0.0027696,-0.027772,-0.003556,-0.02478,-0.025577,0.0018658,0.0038023,-0.034696,-0.050738,0.0057862,-0.034619,-0.0055463,-0.16284,-0.067914,-0.072947,-0.027991,0.012895,-0.13064,-0.019781,-0.094971,-0.11123,0.011094,0.021811,-0.15421,-0.23195,0.032037,-0.15013,-0.023057
-0.010135,-0.021274,-0.0080463,-0.015626,0.0021474,-0.020086,0.00074039,-0.041344,-0.028355,-0.0011646,-0.0015078,-0.034855,-0.043988,-0.0010424,-0.038829,-0.0073013,-0.16284,-0.067914,-0.072947,-0.027991,0.012895,-0.13064,-0.019781,-0.094971,-0.11123,0.011094,0.021811,-0.15421,-0.23195,0.032037,-0.15013,-0.023057
-0.025507,-0.017785,-0.012896,-0.010205,0.0025837,-0.025475,-0.0022717,-0.029731,-0.026407,0.00096012,0.0022151,-0.034743,-0.04872,0.0037451,-0.035877,-0.0060708,-0.0066639,-0.1275,-0.028638,-0.10273,0.010367,-0.092815,0.013616,-0.26312,-0.16135,-0.013118,-0.020071,-0.1911,-0.2257,-0.020904,-0.22186,-0.043862
0.00091678,-0.023783,-0.0045595,-0.019524,0.0018338,-0.016212,0.0029062,-0.049693,-0.029755,-0.0026921,-0.0041844,-0.034935,-0.040585,-0.0044846,-0.040951,-0.0081857,-0.16284,-0.067914,-0.072947,-0.027991,0.012895,-0.13064,-0.019781,-0.094971,-0.11123,0.011094,0.021811,-0.15421,-0.23195,0.032037,-0.15013,-0.023057
-0.015811,-0.019986,-0.0098369,-0.013625,0.0023084,-0.022076,-0.00037175,-0.037056,-0.027636,-0.00038006,-0.0001333,-0.034814,-0.045735,0.0007253,-0.037739,-0.0068469,-0.0066639,-0.1275,-0.028638,-0.10273,0.010367,-0.092815,0.013616,-0.26312,-0.16135,-0.013118,-0.020071,-0.1911,-0.2257,-0.020904,-0.22186,-0.043862
-0.011653,-0.020929,-0.008525,-0.015091,0.0021904,-0.020618,0.00044306,-0.040197,-0.028162,-0.00095487,-0.0011403,-0.034844,-0.044455,-0.00056975,-0.038538,-0.0071798,-0.16284,-0.067914,-0.072947,-0.027991,0.012895,-0.13064,-0.019781,-0.094971,-0.11123,0.011094,0.021811,-0.15421,-0.23195,0.032037,-0.15013,-0.023057
-0.041964,-0.014049,-0.018088,-0.0044014,0.0030505,-0.031243,-0.0054969,-0.017298,-0.024322,0.0032346,0.0062008,-0.034624,-0.053787,0.0088708,-0.032717,-0.0047536,-0.0066639,-0.1275,-0.028638,-0.10273,0.010367,-0.092815,0.013616,-0.26312,-0.16135,-0.013118,-0.020071,-0.1911,-0.2257,-0.020904,-0.22186,-0.043862
0.008874,-0.025589,-0.002049,-0.02233,0.0016081,-0.013422,0.0044657,-0.055705,-0.030763,-0.0037919,-0.0061115,-0.034993,-0.038135,-0.0069628,-0.042479,-0.0088228,-0.16284,-0.067914,-0.072947,-0.027991,0.012895,-0.13064,-0.019781,-0.094971,-0.11123,0.011094,0.021811,-0.15421,-0.23195,0.032037,-0.15013,-0.023057
0.00058752,-0.023708,-0.0046633,-0.019408,0.0018432,-0.016327,0.0028418,-0.049444,-0.029713,-0.0026466,-0.0041048,-0.034933,-0.040686,-0.004382,-0.040888,-0.0081595,-0.16284,-0.067914,-0.072947,-0.027991,0.012895,-0.13064,-0.019781,-0.094971,-0.11123,0.011094,0.021811,-0.15421,-0.23195,0.032037,-0.15013,-0.023057
-0.012528,-0.020731,-0.0088011,-0.014782,0.0022154,-0.020925,0.00027168,-0.039536,-0.028051,-0.00083388,-0.00092826,-0.034838,-0.044724,-0.00029719,-0.03837,-0.0071096,-0.0066639,-0.1275,-0.028638,-0.10273,0.010367,-0.092815,0.013616,-0.26312,-0.16135,-0.013118,-0.020071,-0.1911,-0.2257,-0.020904,-0.22186,-0.043862
0.0088983,-0.025594,-0.0020414,-0.022339,0.0016075,-0.013414,0.0044703,-0.055723,-0.030766,-0.0037951,-0.0061175,-0.034993,-0.038128,-0.0069704,-0.042484,-0.0088246,-0.16284,-0.067914,-0.072947,-0.027991,0.012895,-0.13064,-0.019781,-0.094971,-0.11123,0.011094,0.021811,-0.15421,-0.23195,0.032037,-0.15013,-0.023057
-0.01302,-0.020619,-0.0089567,-0.014609,0.0022293,-0.021098,0.00017501,-0.039164,-0.027989,-0.00076574,-0.00080907,-0.034834,-0.044876,-0.0001437,-0.038275,-0.0070702,-0.0066639,-0.1275,-0.028638,-0.10273,0.010367,-0.092815,0.013616,-0.26312,-0.16135,-0.013118,-0.020071,-0.1911,-0.2257,-0.020904,-0.22186,-0.043862
-0.026247,-0.017617,-0.01313,-0.0099441,0.0026046,-0.025734,-0.0024169,-0.029172,-0.026313,0.0010623,0.0023943,-0.034738,-0.048948,0.0039758,-0.035735,-0.0060116,-0.0066639,-0.1275,-0.028638,-0.10273,0.010367,-0.092815,0.013616,-0.26312,-0.16135,-0.013118,-0.020071,-0.1911,-0.2257,-0.020904,-0.22186,-0.043862
-0.0015736,-0.023217,-0.0053452,-0.018646,0.0019044,-0.017085,0.0024182,-0.047812,-0.029439,-0.0023479,-0.0035813,-0.034917,-0.041352,-0.0037088,-0.040473,-0.0079864,-0.16284,-0.067914,-0.072947,-0.027991,0.012895,-0.13064,-0.019781,-0.094971,-0.11123,0.011094,0.021811,-0.15421,-0.23195,0.032037,-0.15013,-0.023057
-0.015385,-0.020082,-0.0097027,-0.013775,0.0022964,-0.021926,-0.0002884,-0.037377,-0.027689,-0.00043891,-0.00023634,-0.034817,-0.045604,0.0005928,-0.037821,-0.006881,-0.16284,-0.067914,-0.072947,-0.027991,0.012895,-0.13064,-0.019781,-0.094971,-0.11123,0.011094,0.021811,-0.15421,-0.23195,0.032037,-0.15013,-0.023057
0.0032666,-0.024316,-0.0038181,-0.020352,0.0017673,-0.015388,0.0033667,-0.051469,-0.030053,-0.0030169,-0.0047535,-0.034952,-0.039861,-0.0052163,-0.041402,-0.0083738,-0.16284,-0.067914,-0.072947,-0.027991,0.012895,-0.13064,-0.019781,-0.094971,-0.11123,0.011094,0.021811,-0.15421,-0.23195,0.032037,-0.15013,-0.023057
-0.018159,-0.019453,-0.010578,-0.012797,0.0023752,-0.022898,-0.00083188,-0.035282,-0.027338,-5.551e-05,0.00043542,-0.034797,-0.046458,0.0014566,-0.037288,-0.006659,-0.16284,-0.067914,-0.072947,-0.027991,0.012895,-0.13064,-0.019781,-0.094971,-0.11123,0.011094,0.021811,-0.15421,-0.23195,0.032037,-0.15013,-0.023057
-0.012694,-0.020693,-0.0088538,-0.014724,0.00222,-0.020983,0.00023902,-0.03941,-0.02803,-0.00081076,-0.00088807,-0.034836,-0.044776,-0.0002453,-0.038338,-0.0070964,-0.0066639,-0.1275,-0.028638,-0.10273,0.010367,-0.092815,0.013616,-0.26312,-0.16135,-0.013118,-0.020071,-0.1911,-0.2257,-0.020904,-0.22186,-0.043862
-0.0014216,-0.023252,-0.0052973,-0.018699,0.0019002,-0.017031,0.002448,-0.047927,-0.029458,-0.0023689,-0.0036182,-0.034918,-0.041305,-0.0037562,-0.040502,-0.0079986,-0.16284,-0.067914,-0.072947,-0.027991,0.012895,-0.13064,-0.019781,-0.094971,-0.11123,0.011094,0.021811,-0.15421,-0.23195,0.032037,-0.15013,-0.023057
-0.0011419,-0.023315,-0.0052091,-0.018798,0.0018923,-0.016934,0.0025027,-0.048138,-0.029494,-0.0024076,-0.0036859,-0.03492,-0.041219,-0.0038433,-0.040556,-0.0080211,-0.16284,-0.067914,-0.072947,-0.027991,0.012895,-0.13064,-0.019781,-0.094971,-0.11123,0.011094,0.021811,-0.15421,-0.23195,0.032037,-0.15013,-0.023057
-0.007931,-0.021774,-0.0073508,-0.016404,0.0020849,-0.019313,0.0011724,-0.043009,-0.028634,-0.0014693,-0.0020417,-0.034871,-0.043309,-0.0017289,-0.039252,-0.0074777,-0.16284,-0.067914,-0.072947,-0.027991,0.012895,-0.13064,-0.019781,-0.094971,-0.11123,0.011094,0.021811,-0.15421,-0.23195,0.032037,-0.15013,-0.023057
-0.010343,-0.021227,-0.0081119,-0.015553,0.0021533,-0.020159,0.00069987,-0.041187,-0.028328,-0.0011358,-0.0014575,-0.034853,-0.044052,-0.00097776,-0.038789,-0.0072847,-0.0066639,-0.1275,-0.028638,-0.10273,0.010367,-0.092815,0.013616,-0.26312,-0.16135,-0.013118,-0.020071,-0.1911,-0.2257,-0.020904,-0.22186,-0.043862
-0.038947,-0.014734,-0.017136,-0.0054654,0.0029649,-0.030186,-0.0049055,-0.019577,-0.024704,0.0028176,0.0054702,-0.034646,-0.052858,0.0079309,-0.033297,-0.0049952,-0.0066639,-0.1275,-0.028638,-0.10273,0.010367,-0.092815,0.013616,-0.26312,-0.16135,-0.013118,-0.020071,-0.1911,-0.2257,-0.020904,-0.22186,-0.043862
-0.015703,-0.02001,-0.009803,-0.013663,0.0023054,-0.022038,-0.00035068,-0.037138,-0.027649,-0.00039499,-0.00015931,-0.034814,-0.045702,0.00069162,-0.03776,-0.0068556,-0.0066639,-0.1275,-0.028638,-0.10273,0.010367,-0.092815,0.013616,-0.26312,-0.16135,-0.013118,-0.020071,-0.1911,-0.2257,-0.020904,-0.22186,-0.043862
-0.0028419,-0.022929,-0.0057454,-0.018198,0.0019406,-0.017529,0.0021697,-0.046854,-0.029279,-0.0021727,-0.0032742,-0.034908,-0.041742,-0.0033139,-0.040229,-0.0078849,-0.0066639,-0.1275,-0.028638,-0.10273,0.010367,-0.092815,0.013616,-0.26312,-0.16135,-0.013118,-0.020071,-0.1911,-0.2257,-0.020904,-0.22186,-0.043862
0.020645,-0.028261,0.0016644,-0.026481,0.001274,-0.0092964,0.0067722,-0.064597,-0.032254,-0.0054188,-0.0089624,-0.035078,-0.034511,-0.010629,-0.044739,-0.0097649,-0.16284,-0.067914,-0.072947,-0.027991,0.012895,-0.13064,-0.019781,-0.094971,-0.11123,0.011094,0.021811,-0.15421,-0.23195,0.032037,-0.15013,-0.023057
-0.015322,-0.020096,-0.0096826,-0.013797,0.0022946,-0.021904,-0.00027584,-0.037425,-0.027697,-0.00044763,-0.00025163,-0.034817,-0.045585,0.0005731,-0.037833,-0.0068861,-0.0066639,-0.1275,-0.028638,-0.10273,0.010367,-0.092815,0.013616,-0.26312,-0.16135,-0.013118,-0.020071,-0.1911,-0.2257,-0.020904,-0.22186,-0.043862
-0.016651,-0.019795,-0.010102,-0.013328,0.0023324,-0.02237,-0.00053643,-0.036421,-0.027529,-0.00026403,7.0131e-05,-0.034808,-0.045994,0.00098686,-0.037578,-0.0067797,-0.0066639,-0.1275,-0.028638,-0.10273,0.010367,-0.092815,0.013616,-0.26312,-0.16135,-0.013118,-0.020071,-0.1911,-0.2257,-0.020904,-0.22186,-0.043862
-0.011135,-0.021047,-0.0083618,-0.015274,0.0021757,-0.020436,0.0005445,-0.040589,-0.028228,-0.0010263,-0.0012657,-0.034848,-0.044295,-0.00073106,-0.038637,-0.0072213,-0.0066639,-0.1275,-0.028638,-0.10273,0.010367,-0.092815,0.013616,-0.26312,-0.16135,-0.013118,-0.020071,-0.1911,-0.2257,-0.020904,-0.22186,-0.043862
-0.026161,-0.017636,-0.013102,-0.0099744,0.0026022,-0.025704,-0.0024,-0.029237,-0.026324,0.0010505,0.0023735,-0.034739,-0.048922,0.0039489,-0.035752,-0.0060185,-0.0066639,-0.1275,-0.028638,-0.10273,0.010367,-0.092815,0.013616,-0.26312,-0.16135,-0.013118,-0.020071,-0.1911,-0.2257,-0.020904,-0.22186,-0.043862
-0.031427,-0.016441,-0.014764,-0.0081174,0.0027516,-0.02755,-0.0034318,-0.025258,-0.025657,0.0017783,0.0036488,-0.0347,-0.050543,0.0055889,-0.034741,-0.0055971,-0.0066639,-0.1275,-0.028638,-0.10273,0.010367,-0.092815,0.013616,-0.26312,-0.16135,-0.013118,-0.020071,-0.1911,-0.2257,-0.020904,-0.22186,-0.043862
0.0069122,-0.025143,-0.0026681,-0.021638,0.0016637,-0.01411,0.0040812,-0.054223,-0.030514,-0.0035206,-0.0056365,-0.034978,-0.038739,-0.0063517,-0.042102,-0.0086656,-0.16284,-0.067914,-0.072947,-0.027991,0.012895,-0.13064,-0.019781,-0.094971,-0.11123,0.011094,0.021811,-0.15421,-0.23195,0.032037,-0.15013,-0.023057
0.0033027,-0.024324,-0.0038067,-0.020365,0.0017662,-0.015375,0.0033738,-0.051496,-0.030057,-0.0030219,-0.0047623,-0.034952,-0.03985,-0.0052276,-0.041409,-0.0083767,-0.16284,-0.067914,-0.072947,-0.027991,0.012895,-0.13064,-0.019781,-0.094971,-0.11123,0.011094,0.021811,-0.15421,-0.23195,0.032037,-0.15013,-0.023057
0.0053987,-0.0248,-0.0031456,-0.021104,0.0017068,-0.014641,0.0037846,-0.053079,-0.030323,-0.0033116,-0.0052699,-0.034967,-0.039205,-0.0058804,-0.041812,-0.0085444,-0.16284,-0.067914,-0.072947,-0.027991,0.012895,-0.13064,-0.019781,-0.094971,-0.11123,0.011094,0.021811,-0.15421,-0.23195,0.032037,-0.15013,-0.023057
-7.7092e-06,-0.023573,-0.0048511,-0.019198,0.0018601,-0.016536,0.0027252,-0.048995,-0.029638,-0.0025643,-0.0039605,-0.034928,-0.04087,-0.0041966,-0.040774,-0.0081118,-0.16284,-0.067914,-0.072947,-0.027991,0.012895,-0.13064,-0.019781,-0.094971,-0.11123,0.011094,0.021811,-0.15421,-0.23195,0.032037,-0.15013,-0.023057
0.0066101,-0.025075,-0.0027633,-0.021532,0.0016723,-0.014216,0.004022,-0.053995,-0.030476,-0.003479,-0.0055633,-0.034976,-0.038832,-0.0062577,-0.042044,-0.0086415,-0.0066639,-0.1275,-0.028638,-0.10273,0.010367,-0.092815,0.013616,-0.26312,-0.16135,-0.013118,-0.020071,-0.1911,-0.2257,-0.020904,-0.22186,-0.043862
-0.0024161,-0.023026,-0.0056111,-0.018349,0.0019283,-0.01738,0.0022531,-0.047175,-0.029332,-0.0022314,-0.0033772,-0.034911,-0.041611,-0.0034464,-0.040311,-0.007919,-0.0066639,-0.1275,-0.028638,-0.10273,0.010367,-0.092815,0.013616,-0.26312,-0.16135,-0.013118,-0.020071,-0.1911,-0.2257,-0.020904,-0.22186,-0.043862
-0.011189,-0.021035,-0.0083788,-0.015255,0.0021773,-0.020456,0.00053397,-0.040548,-0.028221,-0.0010188,-0.0012526,-0.034847,-0.044312,-0.00071412,-0.038627,-0.0072168,-0.0066639,-0.1275,-0.028638,-0.10273,0.010367,-0.092815,0.013616,-0.26312,-0.16135,-0.013118,-0.020071,-0.1911,-0.2257,-0.020904,-0.22186,-0.043862
0.016334,-0.027282,0.00030459,-0.024961,0.0013964,-0.010807,0.0059276,-0.061341,-0.031708,-0.0048229,-0.0079184,-0.035047,-0.035838,-0.0092862,-0.043911,-0.0094199,-0.16284,-0.067914,-0.072947,-0.027991,0.012895,-0.13064,-0.019781,-0.094971,-0.11123,0.011094,0.021811,-0.15421,-0.23195,0.032037,-0.15013,-0.023057
-0.015213,-0.020121,-0.0096481,-0.013836,0.0022916,-0.021866,-0.00025453,-0.037508,-0.027711,-0.00046268,-0.00027821,-0.034818,-0.045551,0.00053901,-0.037854,-0.0068948,-0.0066639,-0.1275,-0.028638,-0.10273,0.010367,-0.092815,0.013616,-0.26312,-0.16135,-0.013118,-0.020071,-0.1911,-0.2257,-0.020904,-0.22186,-0.043862
-0.0079119,-0.021779,-0.0073449,-0.01641,0.0020844,-0.019307,0.0011762,-0.043023,-0.028636,-0.0014717,-0.0020463,-0.034871,-0.043303,-0.0017348,-0.039256,-0.0074791,-0.0066639,-0.1275,-0.028638,-0.10273,0.010367,-0.092815,0.013616,-0.26312,-0.16135,-0.013118,-0.020071,-0.1911,-0.2257,-0.020904,-0.22186,-0.043862
-0.026418,-0.017578,-0.013183,-0.009884,0.0026095,-0.025794,-0.0024503,-0.029043,-0.026292,0.0010859,0.0024357,-0.034737,-0.049001,0.0040289,-0.035702,-0.005998,-0.0066639,-0.1275,-0.028638,-0.10273,0.010367,-0.092815,0.013616,-0.26312,-0.16135,-0.013118,-0.020071,-0.1911,-0.2257,-0.020904,-0.22186,-0.043862
-0.020982,-0.018812,-0.011469,-0.011801,0.0024552,-0.023888,-0.0013851,-0.033149,-0.02698,0.00033469,0.0011192,-0.034776,-0.047327,0.002336,-0.036746,-0.0064329,-0.16284,-0.067914,-0.072947,-0.027991,0.012895,-0.13064,-0.019781,-0.094971,-0.11123,0.011094,0.021811,-0.15421,-0.23195,0.032037,-0.15013,-0.023057
-0.0076889,-0.021829,-0.0072745,-0.016489,0.002078,-0.019228,0.0012198,-0.043192,-0.028664,-0.0015026,-0.0021003,-0.034873,-0.043234,-0.0018043,-0.039299,-0.007497,-0.16284,-0.067914,-0.072947,-0.027991,0.012895,-0.13064,-0.019781,-0.094971,-0.11123,0.011094,0.021811,-0.15421,-0.23195,0.032037,-0.15013,-0.023057
-0.019155,-0.019227,-0.010892,-0.012445,0.0024034,-0.023248,-0.0010269,-0.03453,-0.027212,8.2015e-05,0.00067661,-0.034789,-0.046764,0.0017667,-0.037097,-0.0065792,-0.16284,-0.067914,-0.072947,-0.027991,0.012895,-0.13064,-0.019781,-0.094971,-0.11123,0.011094,0.021811,-0.15421,-0.23195,0.032037,-0.15013,-0.023057
-0.032158,-0.016275,-0.014994,-0.0078597,0.0027724,-0.027806,-0.0035752,-0.024706,-0.025564,0.0018793,0.0038259,-0.034695,-0.050768,0.0058166,-0.0346,-0.0055385,-0.0066639,-0.1275,-0.028638,-0.10273,0.010367,-0.092815,0.013616,-0.26312,-0.16135,-0.013118,-0.020071,-0.1911,-0.2257,-0.020904,-0.22186,-0.043862
-0.018354,-0.019408,-0.010639,-0.012728,0.0023807,-0.022967,-0.00086998,-0.035135,-0.027313,-2.8643e-05,0.00048258,-0.034795,-0.046518,0.0015173,-0.037251,-0.0066434,-0.0066639,-0.1275,-0.028638,-0.10273,0.010367,-0.092815,0.013616,-0.26312,-0.16135,-0.013118,-0.020071,-0.1911,-0.2257,-0.020904,-0.22186,-0.043862
-0.02899,-0.016994,-0.013995,-0.008977,0.0026825,-0.026695,-0.0029543,-0.0271,-0.025966,0.0014415,0.0030585,-0.034718,-0.049792,0.0048298,-0.035209,-0.0057922,-0.0066639,-0.1275,-0.028638,-0.10273,0.010367,-0.092815,0.013616,-0.26312,-0.16135,-0.013118,-0.020071,-0.1911,-0.2257,-0.020904,-0.22186,-0.043862
-0.005267,-0.022379,-0.0065104,-0.017343,0.0020094,-0.018379,0.0016945,-0.045022,-0.028971,-0.0018374,-0.0026868,-0.03489,-0.042489,-0.0025586,-0.039764,-0.0076909,-0.16284,-0.067914,-0.072947,-0.027991,0.012895,-0.13064,-0.019781,-0.094971,-0.11123,0.011094,0.021811,-0.15421,-0.23195,0.032037,-0.15013,-0.023057
-0.023411,-0.01826,-0.012235,-0.010945,0.0025241,-0.02474,-0.0018611,-0.031314,-0.026673,0.00067043,0.0017073,-0.034758,-0.048075,0.0030923,-0.03628,-0.0062387,-0.16284,-0.067914,-0.072947,-0.027991,0.012895,-0.13064,-0.019781,-0.094971,-0.11123,0.011094,0.021811,-0.15421,-0.23195,0.032037,-0.15013,-0.023057
-0.044887,-0.013386,-0.01901,-0.0033705,0.0031336,-0.032268,-0.0060696,-0.01509,-0.023952,0.0036387,0.0069088,-0.034603,-0.054687,0.0097812,-0.032156,-0.0045197,-0.0066639,-0.1275,-0.028638,-0.10273,0.010367,-0.092815,0.013616,-0.26312,-0.16135,-0.013118,-0.020071,-0.1911,-0.2257,-0.020904,-0.22186,-0.043862
-0.050111,-0.0122,-0.020658,-0.0015283,0.0032818,-0.034099,-0.0070933,-0.011143,-0.02329,0.0043606,0.0081739,-0.034565,-0.056295,0.011408,-0.031153,-0.0041016,-0.0066639,-0.1275,-0.028638,-0.10273,0.010367,-0.092815,0.013616,-0.26312,-0.16135,-0.013118,-0.020071,-0.1911,-0.2257,-0.020904,-0.22186,-0.043862
-0.0059249,-0.02223,-0.006718,-0.017111,0.0020281,-0.01861,0.0015656,-0.044524,-0.028888,-0.0017465,-0.0025275,-0.034885,-0.042691,-0.0023537,-0.039637,-0.0076382,-0.16284,-0.067914,-0.072947,-0.027991,0.012895,-0.13064,-0.019781,-0.094971,-0.11123,0.011094,0.021811,-0.15421,-0.23195,0.032037,-0.15013,-0.023057
-0.05367,-0.011392,-0.021781,-0.00027299,0.0033827,-0.035347,-0.0077909,-0.0084538,-0.022839,0.0048527,0.009036,-0.034539,-0.057391,0.012517,-0.03047,-0.0038168,-0.16284,-0.067914,-0.072947,-0.027991,0.012895,-0.13064,-0.019781,-0.094971,-0.11123,0.011094,0.021811,-0.15421,-0.23195,0.032037,-0.15013,-0.023057
-0.03691,-0.015196,-0.016494,-0.0061837,0.0029072,-0.029472,-0.0045064,-0.021116,-0.024962,0.0025362,0.0049767,-0.034661,-0.052231,0.0072968,-0.033688,-0.0051581,-0.0066639,-0.1275,-0.028638,-0.10273,0.010367,-0.092815,0.013616,-0.26312,-0.16135,-0.013118,-0.020071,-0.1911,-0.2257,-0.020904,-0.22186,-0.043862
-0.032158,-0.016275,-0.014994,-0.0078597,0.0027723,-0.027806,-0.0035752,-0.024706,-0.025564,0.0018793,0.0038259,-0.034695,-0.050768,0.0058166,-0.0346,-0.0055385,-0.0066639,-0.1275,-0.028638,-0.10273,0.010367,-0.092815,0.013616,-0.26312,-0.16135,-0.013118,-0.020071,-0.1911,-0.2257,-0.020904,-0.22186,-0.043862
-0.024011,-0.018124,-0.012424,-0.010733,0.0025412,-0.02495,-0.0019788,-0.030861,-0.026597,0.00075324,0.0018529,-0.034754,-0.04826,0.0032794,-0.036165,-0.0061906,-0.16284,-0.067914,-0.072947,-0.027991,0.012895,-0.13064,-0.019781,-0.094971,-0.11123,0.011094,0.021811,-0.15421,-0.23195,0.032037,-0.15013,-0.023057
-0.032158,-0.016275,-0.014994,-0.0078597,0.0027723,-0.027806,-0.0035753,-0.024706,-0.025565,0.0018794,0.0038258,-0.034695,-0.050768,0.0058167,-0.0346,-0.0055386,-0.0066639,-0.1275,-0.028638,-0.10273,0.010367,-0.092815,0.013616,-0.26312,-0.16135,-0.013118,-0.020071,-0.1911,-0.2257,-0.020904,-0.22186,-0.043862
-0.0070391,-0.021977,-0.0070695,-0.016718,0.0020596,-0.019001,0.0013473,-0.043683,-0.028747,-0.0015924,-0.0022577,-0.034877,-0.043034,-0.0020067,-0.039424,-0.0075491,-0.16284,-0.067914,-0.072947,-0.027991,0.012895,-0.13064,-0.019781,-0.094971,-0.11123,0.011094,0.021811,-0.15421,-0.23195,0.032037,-0.15013,-0.023057
-0.032158,-0.016275,-0.014994,-0.0078597,0.0027723,-0.027806,-0.0035752,-0.024706,-0.025565,0.0018793,0.0038259,-0.034695,-0.050768,0.0058165,-0.0346,-0.0055385,-0.0066639,-0.1275,-0.028638,-0.10273,0.010367,-0.092815,0.013616,-0.26312,-0.16135,-0.013118,-0.020071,-0.1911,-0.2257,-0.020904,-0.22186,-0.043862
-0.00031392,-0.023503,-0.0049478,-0.01909,0.0018689,-0.016643,0.002665,-0.048763,-0.029599,-0.0025219,-0.0038863,-0.034926,-0.040964,-0.0041013,-0.040715,-0.0080874,-0.16284,-0.067914,-0.072947,-0.027991,0.012895,-0.13064,-0.019781,-0.094971,-0.11123,0.011094,0.021811,-0.15421,-0.23195,0.032037,-0.15013,-0.023057
-0.035552,-0.015504,-0.016065,-0.0066625,0.0028687,-0.028996,-0.0042403,-0.022142,-0.025135,0.0023484,0.004648,-0.03467,-0.051813,0.0068737,-0.033949,-0.0052669,-0.0066639,-0.1275,-0.028638,-0.10273,0.010367,-0.092815,0.013616,-0.26312,-0.16135,-0.013118,-0.020071,-0.1911,-0.2257,-0.020904,-0.22186,-0.043862
0.013333,-0.026601,-0.0006421,-0.023903,0.0014815,-0.011859,0.0053395,-0.059074,-0.031328,-0.0044082,-0.0071917,-0.035025,-0.036762,-0.0083517,-0.043335,-0.0091795,-0.0066639,-0.1275,-0.028638,-0.10273,0.010367,-0.092815,0.013616,-0.26312,-0.16135,-0.013118,-0.020071,-0.1911,-0.2257,-0.020904,-0.22186,-0.043862
-0.013488,-0.020513,-0.0091042,-0.014444,0.0022426,-0.021261,8.3431e-05,-0.03881,-0.02793,-0.00070101,-0.00069577,-0.034831,-0.04502,1.9551e-06,-0.038185,-0.0070328,-0.0066639,-0.1275,-0.028638,-0.10273,0.010367,-0.092815,0.013616,-0.26312,-0.16135,-0.013118,-0.020071,-0.1911,-0.2257,-0.020904,-0.22186,-0.043862
0.0058599,-0.024904,-0.003,-0.021267,0.0016937,-0.014479,0.0038748,-0.053428,-0.030381,-0.0033753,-0.0053817,-0.034971,-0.039063,-0.0060241,-0.0419,-0.0085815,-0.0066639,-0.1275,-0.028638,-0.10273,0.010367,-0.092815,0.013616,-0.26312,-0.16135,-0.013118,-0.020071,-0.1911,-0.2257,-0.020904,-0.22186,-0.043862
-0.024847,-0.017934,-0.012688,-0.010438,0.0025649,-0.025243,-0.0021425,-0.03023,-0.026491,0.00086891,0.0020553,-0.034748,-0.048517,0.0035396,-0.036004,-0.0061238,-0.16284,-0.067914,-0.072947,-0.027991,0.012895,-0.13064,-0.019781,-0.094971,-0.11123,0.011094,0.021811,-0.15421,-0.23195,0.032037,-0.15013,-0.023057
-0.044343,-0.013509,-0.018839,-0.0035624,0.0031181,-0.032077,-0.0059631,-0.015501,-0.024021,0.0035635,0.0067769,-0.034607,-0.054519,0.0096116,-0.032261,-0.0045633,-0.16284,-0.067914,-0.072947,-0.027991,0.012895,-0.13064,-0.019781,-0.094971,-0.11123,0.011094,0.021811,-0.15421,-0.23195,0.032037,-0.15013,-0.023057
-0.07968,-0.0054877,-0.029987,0.0088997,0.0041206,-0.044464,-0.012888,0.011196,-0.019544,0.0084475,0.015335,-0.034351,-0.065399,0.020617,-0.025475,-0.001735,-0.16284,-0.067914,-0.072947,-0.027991,0.012895,-0.13064,-0.019781,-0.094971,-0.11123,0.011094,0.021811,-0.15421,-0.23195,0.032037,-0.15013,-0.023057
